214
74
23
147
163
208
37
41
143
215
184
220
43
107
27
233
251
59
267
261
10
256
53
73
263
110
15
144
91
68
119
77
93
88
132
303
242
14
109
56
241
190
160
252
106
149
8
288
191
234
5
240
95
32
243
271
177
45
170
13
151
97
265
90
178
225
17
158
249
102
38
276
274
298
118
100
257
270
66
286
98
128
52
108
0
85
65
189
99
30
62
124
31
39
229
247
219
289
223
213
76
279
254
258
105
155
48
111
218
69
11
281
6
84
205
136
166
29
75
137
262
230
104
296
42
173
70
266
122
145
161
203
51
171
121
227
127
86
16
162
280
226
176
294
50
172
20
92
217
185
209
33
134
248
198
290
200
259
295
192
89
130
78
253
117
139
18
299
60
40
49
245
269
284
153
250
71
7
201
101
293
275
114
135
138
150
183
113
307
211
72
206
277
120
180
19
235
156
283
224
236
175
44
157
297
195
46
216
204
167
58
287
169
87
168
278
55
282
306
238
79
4
268
112
80
116
131
64
152
159
146
264
141
142
228
212
63
34
301
115
181
28
273
255
272
292
231
3
54
207
2
199
21
194
129
239
300
47
83
25
197
179
222
196
148
26
123
304
260
103
81
193
246
186
232
210
182
