112
271
43
125
70
51
41
305
211
104
171
304
148
87
205
226
9
302
220
208
272
221
149
260
57
82
60
265
59
247
153
212
189
259
162
156
46
20
136
152
183
306
26
200
197
280
257
234
182
123
244
228
35
54
124
8
201
83
154
218
97
11
279
7
38
34
19
68
239
157
274
24
283
63
275
121
288
56
81
232
181
13
10
89
146
267
289
32
44
159
243
303
77
266
219
155
91
293
177
129
47
66
50
88
242
42
278
72
300
18
5
216
140
141
27
294
298
84
235
204
134
58
4
119
90
29
214
31
179
262
75
103
164
188
118
114
196
128
96
165
202
64
61
167
117
79
122
138
190
76
86
245
150
127
249
238
39
252
168
158
28
49
105
256
40
292
163
23
222
253
282
198
115
166
126
17
169
287
210
69
67
199
237
285
143
290
93
25
207
160
225
98
230
151
241
268
137
273
92
71
187
3
240
209
236
170
284
139
111
142
133
65
269
184
291
37
2
30
248
227
295
254
15
229
161
296
16
307
250
94
22
116
53
107
175
195
78
186
33
14
0
135
73
217
21
99
223
45
180
80
185
1
109
231
270
215
233
224
203
55
255
251
246
62
131
301
191
276
110
194
48
173
12
297
174
206
172
