62
139
205
235
140
32
285
28
158
191
188
172
3
52
304
236
206
130
238
48
208
244
136
96
119
34
237
153
253
75
46
125
161
86
154
30
45
100
194
294
263
216
270
255
67
7
196
242
123
95
151
287
282
63
229
200
74
232
286
278
230
212
254
9
33
111
162
181
182
183
176
221
94
0
301
56
250
170
299
298
98
284
219
189
234
245
69
248
71
97
173
300
240
251
280
120
78
49
39
112
149
260
249
113
199
129
207
54
150
214
261
20
108
145
265
241
159
13
6
231
66
209
117
89
16
264
121
11
65
109
114
25
256
36
47
93
217
81
148
91
171
77
267
296
132
272
210
102
197
84
106
271
85
44
17
118
258
116
57
38
257
224
266
1
5
302
122
58
79
305
10
190
166
99
26
135
68
164
51
155
167
288
276
303
246
274
107
279
80
133
8
281
2
27
259
23
141
277
175
22
37
295
82
61
187
110
233
275
160
227
168
307
126
59
185
15
18
177
55
157
269
165
127
105
222
220
128
72
192
19
137
142
184
225
215
268
124
247
201
104
213
152
218
4
24
42
70
291
186
83
12
226
92
41
306
180
293
35
198
289
103
252
138
195
90
243
14
297
101
169
203
76
283
115
239
60
163
