250
222
183
189
292
157
257
276
63
138
255
53
263
39
280
148
234
288
283
173
17
145
50
117
103
208
41
30
79
162
132
5
18
301
2
70
102
51
55
294
152
287
264
171
109
136
8
36
251
115
12
184
243
265
114
116
217
81
59
197
259
291
141
231
72
9
214
76
194
21
277
199
46
137
14
161
180
295
192
196
65
128
42
106
253
296
177
209
212
207
151
225
168
284
218
48
306
258
240
175
74
169
223
64
246
202
139
230
254
19
238
191
43
134
186
188
60
211
23
105
260
289
144
57
120
4
200
44
110
40
174
266
307
233
215
270
34
261
93
205
176
273
88
163
130
69
279
31
272
203
228
305
127
178
87
142
267
297
71
229
158
26
252
181
154
56
37
75
129
35
68
244
108
303
119
220
90
269
38
107
85
13
160
16
113
10
166
101
6
33
66
239
82
204
104
298
235
226
304
179
232
262
206
89
97
29
61
195
302
290
126
216
135
153
193
300
133
155
140
0
274
167
22
20
95
156
170
268
247
45
100
122
236
159
27
271
224
293
7
187
96
24
111
149
62
124
190
165
286
1
3
282
125
285
112
237
80
94
77
219
146
73
278
245
67
213
118
256
58
143
28
78
15
32
249
131
99
