298
290
265
21
11
117
142
165
44
285
175
209
41
154
7
59
26
97
249
183
215
96
207
239
163
297
155
151
87
84
303
152
214
135
145
66
301
25
31
234
88
18
197
221
111
81
91
99
294
72
22
171
235
80
29
2
177
167
204
61
201
24
60
299
184
218
202
20
32
50
9
51
90
43
48
255
150
275
164
262
139
104
73
130
125
134
199
283
296
83
264
74
123
0
216
6
226
252
178
105
274
147
272
140
253
58
245
13
186
116
110
227
153
169
188
53
124
278
259
86
205
107
181
3
212
200
136
103
132
33
193
114
119
46
289
115
19
237
281
287
187
174
179
39
189
118
28
126
236
54
85
141
195
170
70
158
306
34
292
241
36
230
225
127
56
211
95
106
10
229
277
232
257
52
166
307
109
231
62
173
248
222
293
219
220
49
138
8
143
185
17
273
38
15
180
242
12
210
194
276
280
42
247
149
263
67
271
156
279
102
270
69
302
45
256
208
40
160
291
100
238
47
63
217
304
159
129
266
23
305
223
144
57
172
267
75
295
243
224
260
98
182
35
4
286
92
68
254
233
77
37
71
196
128
65
176
240
146
112
101
213
157
133
148
288
14
1
27
191
203
94
269
64
137
108
246
162
