12
81
244
265
53
18
148
183
174
0
286
300
79
163
68
69
301
6
125
8
307
193
234
36
257
21
212
123
136
236
281
106
222
229
253
189
214
277
70
206
61
86
260
63
93
208
160
262
30
149
217
239
158
185
191
143
33
194
221
233
167
285
111
109
38
141
131
200
97
133
114
177
261
127
90
224
256
17
46
199
271
297
180
96
48
54
5
134
264
155
304
80
9
49
55
129
251
201
62
289
113
115
299
28
284
74
101
240
169
146
190
92
150
235
295
283
85
204
213
232
118
268
3
302
209
140
29
34
37
137
99
16
11
67
228
171
24
184
15
164
243
203
198
192
41
161
278
247
151
73
274
75
216
165
66
4
270
130
52
226
179
65
77
25
135
22
291
293
237
242
223
252
87
88
267
282
84
162
210
170
294
45
120
275
23
259
188
47
269
254
40
20
91
35
147
59
107
19
26
60
166
105
196
182
306
227
94
42
43
57
219
249
220
122
187
121
280
279
112
89
178
248
287
124
207
159
273
205
172
181
290
173
230
211
288
10
186
246
95
157
154
126
44
72
263
82
272
231
31
14
116
119
117
108
78
139
176
50
144
128
104
197
250
98
168
245
13
305
138
142
153
298
32
225
56
102
258
