43
209
262
106
122
233
227
18
305
66
149
6
27
157
207
212
49
10
109
39
13
203
23
290
3
88
52
1
283
243
170
242
215
252
64
48
225
135
62
101
172
188
190
103
8
266
90
45
36
92
226
40
104
32
85
237
293
116
228
161
288
108
300
68
110
175
259
160
96
115
281
224
214
180
130
70
7
33
158
280
93
216
113
127
84
253
251
17
146
140
211
91
46
277
16
307
132
184
222
102
202
260
292
21
15
97
257
179
254
301
145
191
208
154
276
246
118
286
138
71
234
229
14
236
265
241
121
219
159
79
174
195
205
150
148
87
0
245
249
177
189
196
151
73
269
204
95
152
185
24
143
114
105
76
142
192
117
98
156
299
128
51
65
126
63
141
198
35
147
107
26
133
58
12
139
100
270
304
186
168
298
256
201
164
282
83
238
287
54
250
22
271
178
69
165
218
285
213
41
166
278
25
295
248
42
29
230
11
181
153
19
2
57
47
129
232
99
137
272
123
193
206
261
34
81
255
72
231
297
263
136
294
59
44
56
111
264
74
306
67
194
9
279
134
267
131
289
77
169
80
89
30
258
187
274
273
31
112
75
173
220
61
86
275
302
94
171
155
284
197
38
60
183
221
239
247
210
