114
201
35
210
307
261
220
262
90
141
212
177
284
293
84
171
227
79
202
291
122
224
49
169
185
206
188
66
97
37
278
192
304
189
287
42
211
11
50
157
100
39
191
92
178
168
125
234
241
94
71
179
184
1
107
63
218
290
288
117
294
163
109
277
19
106
281
198
286
268
17
267
33
111
219
62
77
31
285
38
70
276
105
23
235
165
232
143
36
183
135
67
137
44
104
9
148
197
170
131
126
236
24
155
269
301
89
263
161
298
300
91
138
53
207
88
242
273
214
52
7
187
83
299
180
80
238
225
175
226
32
110
76
194
41
85
20
229
196
55
4
296
113
150
134
153
59
103
96
2
257
249
292
240
243
176
124
28
230
34
142
60
43
95
274
217
121
14
159
86
270
260
213
54
82
295
102
193
231
245
75
280
64
172
78
119
93
182
156
46
305
101
200
144
166
237
303
275
145
21
10
115
181
258
129
264
25
151
208
283
22
73
244
223
279
146
289
123
16
130
186
8
199
203
205
26
140
149
251
152
136
120
15
252
12
250
271
65
30
253
29
5
228
254
13
18
265
216
118
239
246
81
255
160
133
162
56
147
108
195
51
57
167
266
272
72
282
112
45
116
132
256
3
173
128
87
209
