151
299
273
129
234
132
18
147
114
255
8
37
301
168
161
29
209
199
191
104
264
61
28
144
107
286
130
249
22
173
16
259
1
36
256
94
0
17
74
60
232
307
281
215
66
247
284
93
268
303
257
171
95
71
112
26
224
288
134
103
163
280
218
141
156
89
250
68
122
153
262
150
214
46
39
304
238
192
19
86
109
188
106
38
99
84
54
300
267
222
47
294
243
190
92
244
276
254
219
220
56
162
279
302
189
128
180
35
184
159
272
290
154
235
4
205
242
85
201
263
177
23
148
83
14
70
231
31
9
152
194
63
123
44
59
127
227
195
34
225
81
165
285
79
24
204
158
306
15
6
169
116
82
283
248
75
251
245
113
65
90
221
115
43
91
266
217
48
111
253
175
269
87
57
64
275
145
210
287
69
174
139
10
298
166
76
12
183
51
187
297
45
2
135
172
105
211
208
202
200
27
100
305
41
270
261
274
124
149
98
246
197
293
49
229
203
157
21
167
155
77
196
33
97
176
186
230
3
101
170
164
40
50
88
32
136
119
108
291
7
228
126
296
239
20
212
146
62
143
117
237
240
73
58
206
252
67
295
13
121
110
181
137
25
213
182
185
120
118
102
160
131
30
226
207
241
179
