55
212
4
103
83
105
12
49
305
71
39
21
205
182
240
87
181
111
258
53
136
112
206
69
66
260
8
207
238
106
68
23
242
226
235
76
293
89
243
156
302
130
44
231
166
31
173
29
116
233
234
36
5
35
225
117
104
64
275
186
86
283
129
170
143
121
265
75
214
211
32
118
175
14
289
9
57
190
164
61
273
306
259
237
179
165
107
140
41
222
257
261
63
102
54
73
158
172
268
188
229
255
124
249
202
176
253
7
147
137
168
90
245
80
0
241
196
100
10
13
157
139
56
216
6
3
82
144
43
254
85
227
127
303
28
286
152
142
269
307
34
223
25
52
276
163
252
272
161
26
239
192
160
208
99
280
262
203
210
79
141
169
126
296
150
122
267
297
209
219
16
27
2
153
183
304
46
285
88
45
62
247
178
145
74
298
109
108
154
77
48
159
131
288
91
230
198
213
11
78
218
264
110
155
18
70
221
236
97
24
180
60
220
138
294
281
301
244
274
270
277
94
67
58
134
300
47
204
271
65
95
42
171
246
22
20
72
38
146
128
92
81
287
135
33
193
125
217
174
15
282
120
30
40
189
251
295
224
101
184
290
194
248
50
113
133
17
200
279
291
37
215
148
149
96
151
51
