91
114
245
14
289
297
155
148
72
0
190
52
45
60
243
44
65
50
127
266
7
84
132
67
236
150
147
4
239
88
219
293
249
217
209
49
261
108
276
41
185
20
22
181
57
12
214
62
222
136
144
281
288
259
77
215
126
79
241
1
27
106
35
111
273
211
102
8
119
29
220
227
277
2
31
36
171
258
282
113
175
19
257
244
156
130
260
210
99
274
205
188
34
115
306
177
235
13
237
159
307
110
223
104
180
151
234
120
290
95
85
242
232
141
286
208
165
153
174
11
212
157
278
172
199
166
131
70
117
193
93
97
226
43
87
272
225
240
168
125
83
3
78
5
202
109
86
299
303
164
296
213
15
191
73
71
59
163
231
196
167
28
216
137
230
302
218
294
247
40
123
58
197
47
279
154
304
152
140
173
25
298
252
207
26
112
179
30
6
203
38
229
161
253
94
224
24
264
301
265
116
183
275
285
228
42
198
135
255
17
300
268
263
139
262
158
169
142
80
184
280
270
121
90
271
143
295
76
221
133
9
170
176
238
248
46
250
284
186
23
33
124
162
189
105
66
56
269
100
254
192
64
89
18
92
75
129
107
187
61
69
287
55
292
149
98
178
53
103
256
182
283
63
206
48
10
82
