66
20
118
11
209
2
221
120
147
300
40
153
237
259
157
277
198
225
187
18
235
218
87
21
234
197
35
231
269
75
298
215
290
46
130
248
141
60
226
6
181
112
307
260
240
83
33
175
1
71
154
184
121
201
196
206
278
28
276
195
247
123
169
41
204
30
117
295
34
233
250
115
127
10
207
155
64
267
271
94
59
135
45
67
104
189
174
53
303
89
182
265
145
27
56
116
272
243
50
264
193
205
212
176
282
76
4
15
69
138
80
253
165
257
91
251
210
292
43
5
65
32
173
8
7
245
285
289
77
70
258
105
199
107
99
113
275
103
96
273
152
119
38
274
241
263
167
79
180
219
55
238
51
249
142
262
22
62
306
139
222
9
110
25
137
146
164
156
302
92
301
81
291
162
223
190
85
242
136
284
236
217
61
129
95
114
158
191
230
281
98
143
63
74
252
220
133
185
19
183
13
0
36
47
213
178
294
42
16
52
192
305
82
150
202
246
279
23
168
14
224
194
68
100
244
280
254
106
283
88
17
72
286
229
214
170
232
37
44
134
287
3
108
148
122
49
58
97
270
101
151
125
216
261
29
73
149
200
293
26
256
48
186
211
31
132
39
54
288
93
12
90
239
227
299
228
140
