231
33
58
147
115
87
139
241
249
207
177
65
117
23
202
290
248
22
85
156
161
36
103
17
236
184
47
185
283
180
276
189
137
50
7
82
75
208
46
94
307
297
32
284
230
92
40
165
142
216
130
69
195
204
132
295
163
43
100
18
226
14
8
266
15
212
79
175
141
45
271
206
263
26
53
30
272
71
66
289
254
174
201
118
111
301
229
10
67
264
28
3
134
211
6
303
239
62
12
233
119
150
210
31
243
24
257
166
225
234
131
199
179
222
269
261
96
246
191
59
101
51
123
244
228
21
293
299
56
2
172
143
268
63
113
122
213
19
285
133
302
91
42
170
114
188
178
61
29
38
224
259
86
240
292
242
275
9
152
88
198
16
155
55
169
4
73
278
5
136
34
187
52
190
255
282
124
25
160
98
126
93
220
205
112
270
105
81
145
306
209
39
176
298
291
235
167
186
250
102
183
77
44
60
76
273
182
13
304
221
274
281
72
48
258
193
149
106
300
288
84
196
0
148
173
109
286
227
97
129
256
89
70
245
247
110
251
153
35
27
41
54
104
215
157
64
296
279
267
171
1
277
218
192
294
214
49
20
144
223
162
237
181
107
74
260
305
128
168
287
238
116
90
121
194
280
78
