48
125
269
250
243
112
134
69
273
221
88
136
139
198
190
246
161
255
144
295
15
247
106
99
302
260
71
177
79
297
299
107
278
168
86
182
220
7
127
224
244
13
9
239
258
216
165
141
305
81
164
10
33
231
120
52
43
84
219
105
204
185
158
12
80
232
146
63
18
27
11
133
293
205
37
149
77
31
110
123
22
272
262
288
108
5
209
34
51
131
174
202
233
17
265
178
28
191
117
277
126
47
111
129
148
19
179
291
60
50
234
26
173
67
132
154
85
242
298
215
226
248
103
57
130
162
261
203
285
172
113
14
29
201
227
116
254
180
54
183
206
156
212
207
32
289
2
240
53
56
163
230
274
184
152
109
252
36
282
225
46
249
82
200
142
236
45
128
145
118
251
41
217
55
42
101
264
194
0
4
140
151
166
78
170
181
307
188
95
97
1
223
138
210
228
218
171
263
66
304
281
114
72
38
24
186
229
58
176
222
3
306
87
20
276
23
6
94
301
121
271
49
189
292
75
150
294
153
211
159
39
193
98
92
8
143
195
25
197
100
104
102
286
213
64
268
303
76
124
175
208
91
187
235
283
169
257
160
296
70
65
62
270
147
280
119
192
238
83
30
287
93
214
259
275
284
122
