49
68
280
149
267
244
215
188
148
184
227
247
173
50
123
119
169
91
257
158
105
138
35
209
281
87
218
14
303
263
296
236
301
178
265
4
172
273
37
55
44
196
278
226
76
198
293
307
26
40
96
118
21
90
43
64
107
238
179
116
58
23
125
17
167
5
104
6
103
128
73
191
155
83
25
18
13
56
305
228
240
186
11
2
132
42
180
85
189
177
72
297
120
283
28
32
269
260
210
38
271
154
142
187
114
106
239
212
20
100
211
36
156
39
65
304
153
170
223
220
101
45
144
289
127
237
243
61
86
0
10
134
276
48
133
94
99
77
241
111
157
201
102
206
277
98
294
12
205
47
229
182
246
63
259
129
248
166
214
41
230
82
204
9
151
299
74
272
131
306
275
159
81
253
1
298
147
225
262
176
174
165
190
203
29
286
140
207
8
221
235
135
251
80
266
54
234
258
288
285
95
88
245
66
163
92
15
137
249
200
19
197
183
216
46
27
264
208
57
97
195
78
181
93
52
67
33
89
175
79
287
161
117
121
217
152
110
199
231
233
60
75
126
112
145
136
279
242
219
232
261
202
255
290
270
162
124
31
84
160
224
143
302
222
53
150
164
22
300
59
252
7
254
268
292
250
295
