171
239
210
132
207
233
36
280
62
26
61
110
187
223
7
292
169
229
252
228
31
196
191
288
100
189
202
282
71
173
304
161
164
215
108
44
85
273
0
25
79
127
278
109
289
157
112
159
301
217
287
188
267
200
28
213
13
64
133
22
268
50
4
291
30
21
192
220
194
80
212
83
283
118
19
258
297
146
35
155
89
214
154
125
17
277
107
284
295
90
98
10
142
67
106
227
247
96
88
14
205
206
259
148
115
183
78
20
222
255
193
76
290
298
97
48
40
300
279
175
55
276
74
281
33
136
111
77
45
60
141
178
5
81
58
179
195
240
32
73
264
232
34
185
131
47
114
24
172
84
203
6
137
218
56
95
82
140
251
39
12
103
9
1
16
242
243
168
235
274
275
134
52
246
162
221
3
42
216
105
177
54
249
102
262
70
238
101
68
250
269
59
91
204
139
130
117
257
152
302
266
92
245
120
186
29
129
303
265
307
99
285
299
2
93
241
57
143
231
66
236
225
174
135
11
230
260
165
41
211
122
153
121
138
253
104
272
286
263
126
296
151
27
198
163
226
23
156
51
69
190
86
224
37
94
119
166
209
248
181
128
160
254
144
167
53
49
150
306
208
244
38
116
201
63
234
237
