271
246
4
37
284
228
300
255
81
57
243
175
26
189
34
182
289
67
28
97
291
249
244
59
56
181
111
263
64
117
33
47
9
285
178
72
201
79
240
169
251
277
80
11
66
155
275
162
98
213
238
30
237
141
186
296
200
248
206
265
8
278
2
259
177
14
18
129
307
116
13
113
136
114
45
77
171
139
102
224
65
164
158
279
195
29
226
35
221
74
280
202
142
105
173
166
211
156
210
135
89
179
216
150
168
274
151
148
267
60
127
262
252
235
304
91
132
92
21
276
68
242
88
106
227
254
203
281
272
184
41
70
187
146
62
261
167
152
147
95
305
75
234
121
78
256
84
1
19
192
176
161
118
85
50
294
297
115
282
12
208
160
93
119
3
128
6
40
87
73
52
120
108
199
99
107
145
109
17
247
103
170
183
154
104
298
204
23
125
286
138
233
48
196
212
31
110
15
207
42
76
292
100
36
44
82
269
220
27
126
218
283
101
63
270
163
112
194
295
264
43
232
86
190
134
133
230
130
266
38
165
32
217
222
174
245
49
25
185
288
153
180
16
137
54
260
253
96
273
191
205
193
69
197
209
241
143
22
83
122
51
231
215
39
24
123
290
159
229
10
214
46
223
55
172
302
306
