49
34
225
27
266
207
227
39
106
185
154
2
74
283
38
90
299
117
256
114
89
243
252
17
80
107
22
257
239
195
47
215
112
173
198
4
279
82
206
55
125
121
149
249
162
94
273
290
160
186
292
85
56
59
18
211
96
303
118
137
291
98
8
62
140
40
66
188
41
216
29
281
126
259
105
272
44
122
222
60
101
231
293
228
306
54
79
48
296
247
95
179
143
220
298
52
267
218
253
172
31
45
170
138
69
288
282
269
166
6
11
213
242
295
150
191
93
184
50
248
165
180
287
214
280
284
75
155
30
65
5
131
91
245
37
14
71
234
194
237
235
57
151
86
275
28
110
63
127
103
262
58
53
116
201
43
70
133
159
276
157
223
261
183
111
193
76
26
271
289
61
175
164
181
260
136
301
148
250
68
251
78
305
20
196
297
99
120
46
25
51
146
274
264
187
153
192
73
16
97
244
278
307
12
229
208
124
258
23
109
189
84
233
10
263
141
221
161
212
77
158
171
81
3
139
209
132
152
113
204
176
254
217
230
13
129
135
197
304
190
104
130
205
163
177
156
200
268
219
182
294
128
102
83
32
202
147
88
224
119
100
241
300
265
174
167
270
33
123
240
115
87
168
142
42
64
144
