10
45
102
65
223
164
0
275
152
284
174
178
270
242
192
100
82
69
295
43
138
177
3
154
207
105
172
150
142
48
110
243
298
132
24
25
257
212
301
144
262
248
129
61
118
171
286
66
101
205
13
241
196
302
222
182
240
290
79
9
258
256
115
170
15
11
136
188
168
88
288
180
71
72
30
153
87
263
76
85
254
224
23
124
173
19
293
238
229
216
70
189
103
123
22
218
1
185
237
57
47
51
2
131
27
21
276
29
39
283
230
157
226
134
67
297
227
114
236
106
211
149
246
40
202
245
266
296
77
175
255
165
130
125
181
116
161
55
63
158
156
307
225
111
267
99
46
282
200
179
292
183
56
291
109
217
95
4
300
272
233
252
259
249
239
84
90
215
119
187
155
135
289
191
201
145
104
141
148
280
112
306
232
12
228
203
279
26
146
231
137
166
33
17
261
277
127
89
60
37
184
303
54
285
143
92
128
163
260
107
193
58
28
98
68
209
126
91
265
50
94
96
64
278
210
93
6
86
108
268
120
121
197
78
194
18
204
8
195
162
186
159
62
294
32
281
42
151
199
81
244
117
140
251
287
269
139
53
264
35
34
198
14
59
20
41
208
75
52
7
133
83
304
253
247
213
74
