13
89
23
205
47
294
66
267
101
163
9
287
7
210
127
159
299
16
274
132
154
215
169
128
21
295
76
303
26
206
50
24
190
291
285
201
118
55
224
232
158
266
138
307
298
113
227
233
243
302
230
250
94
41
198
283
28
286
85
5
204
269
51
136
268
3
193
30
157
49
306
173
202
15
208
36
133
272
301
69
115
27
228
109
186
107
58
182
218
20
71
125
90
293
112
65
217
200
96
91
34
176
10
120
265
62
289
261
11
292
72
254
277
258
126
214
231
246
244
245
187
149
239
37
253
135
81
116
234
161
29
83
236
199
177
223
180
171
0
229
78
166
108
282
270
110
140
39
86
54
165
14
119
221
124
175
31
237
4
25
60
275
98
216
304
305
146
209
225
256
260
150
102
75
241
88
38
8
288
160
131
121
142
280
53
255
242
63
80
48
156
273
174
276
105
114
145
185
281
134
278
162
170
248
148
130
73
264
181
192
226
74
99
222
147
251
52
179
271
188
106
57
219
117
279
220
19
195
111
235
252
97
122
139
93
18
2
6
183
32
70
12
67
46
56
164
42
153
296
1
33
82
262
240
104
87
77
284
84
300
59
35
68
203
43
155
196
151
189
207
40
194
197
191
141
263
167
