207
103
250
42
270
66
192
260
230
70
40
278
253
189
196
2
73
78
69
22
271
71
203
241
287
272
266
299
4
166
161
138
94
160
218
169
155
194
50
59
64
290
180
92
254
273
256
157
221
133
81
139
234
61
90
3
49
108
127
16
174
0
136
289
232
282
10
35
251
167
295
277
91
307
197
67
54
38
15
164
51
233
280
150
112
57
79
303
62
216
265
105
17
267
14
212
93
186
106
97
214
235
162
86
5
154
171
296
11
88
96
102
83
210
305
20
201
37
149
301
170
45
13
101
183
39
252
148
114
211
116
109
48
122
120
228
263
9
215
237
302
179
159
279
1
41
134
89
231
144
304
128
87
293
72
24
52
137
227
34
177
236
178
75
130
28
259
141
224
119
147
226
285
220
135
99
198
47
294
152
140
288
222
261
283
268
125
98
184
56
31
247
243
33
115
132
165
111
255
26
21
242
68
63
104
206
238
195
60
181
30
77
193
142
100
143
36
23
118
248
126
208
298
151
53
269
173
156
25
297
8
306
153
172
240
117
29
291
84
257
185
200
202
281
175
209
168
44
18
121
6
245
163
46
199
43
286
275
145
158
107
27
58
191
262
82
284
129
205
74
239
225
187
244
264
274
12
