112
34
98
117
62
33
290
223
282
208
170
110
160
222
56
253
218
284
271
71
145
230
169
289
94
213
259
125
119
189
132
154
91
75
178
245
242
227
107
8
39
176
221
35
36
106
135
109
234
163
114
68
69
76
116
143
25
77
32
53
64
285
211
29
190
45
192
188
93
48
19
140
15
263
2
70
247
9
124
20
277
50
272
5
60
54
201
279
150
293
74
305
198
89
191
108
97
158
255
24
256
144
246
63
18
51
262
113
95
251
267
44
78
205
258
46
164
120
102
301
136
131
161
129
38
306
151
303
7
237
175
183
173
278
82
58
42
182
23
249
270
219
16
202
57
231
49
292
146
193
1
250
122
26
200
212
134
41
260
100
225
269
155
288
162
148
203
238
47
83
220
31
37
52
195
199
283
307
133
197
3
177
72
295
287
264
179
276
84
236
204
28
115
235
123
153
304
273
268
22
27
229
274
111
99
21
185
187
156
214
65
121
216
126
66
171
12
209
13
275
291
127
88
280
265
166
281
266
194
141
87
248
254
137
174
138
10
196
90
142
300
215
85
165
257
224
186
206
217
226
180
6
244
299
118
92
261
296
0
73
297
232
130
172
294
159
168
147
55
86
14
61
152
286
181
67
252
