307
113
167
89
0
68
264
233
269
210
256
38
219
91
201
284
92
297
98
87
88
59
81
225
127
288
99
161
100
229
155
10
283
76
198
16
220
144
139
153
3
131
97
199
2
83
78
258
33
132
301
282
260
1
179
212
121
214
192
128
170
242
94
262
61
290
237
152
101
182
157
178
275
221
110
65
158
35
120
71
241
41
294
53
11
138
180
18
205
306
209
268
122
103
109
133
292
69
55
222
28
14
208
165
183
123
223
169
280
107
118
251
259
29
190
67
265
60
296
77
104
86
111
150
247
277
236
278
63
156
228
246
243
135
6
31
238
148
266
230
244
213
227
24
95
46
184
177
4
172
84
202
40
279
204
108
207
36
85
174
21
273
272
72
226
245
302
149
25
211
239
189
160
252
215
293
51
151
54
13
119
164
263
26
224
80
176
281
75
299
105
142
44
126
286
196
62
271
23
137
49
57
195
48
90
134
45
159
231
124
52
285
193
188
249
240
234
12
20
130
186
185
255
203
257
74
115
82
15
39
154
206
289
276
96
17
27
291
30
181
197
143
32
194
171
58
102
235
140
304
37
129
274
136
93
5
248
175
34
7
56
162
168
70
191
22
116
73
173
261
300
216
270
9
64
112
125
