34
96
132
264
279
26
306
2
84
305
262
95
94
217
74
206
57
4
243
134
49
128
0
299
189
278
98
38
294
1
259
209
174
184
239
252
45
21
193
247
198
215
79
249
161
242
104
233
19
280
133
29
295
246
122
6
111
274
138
88
42
69
232
53
126
59
131
119
200
187
77
199
141
182
227
148
156
31
56
236
211
81
271
24
229
251
105
204
169
108
205
43
170
67
60
113
102
27
32
18
160
103
109
269
250
159
291
216
63
116
302
191
245
35
222
5
125
203
225
14
48
218
115
255
52
166
162
244
8
9
146
265
140
64
296
290
137
261
155
231
172
188
219
144
179
196
300
223
33
183
284
150
129
23
54
240
124
16
86
258
118
76
158
283
106
3
85
195
307
241
11
293
37
70
143
46
181
78
282
304
173
286
22
142
152
276
235
171
212
145
121
253
297
93
220
90
66
58
177
72
208
25
165
7
230
12
80
13
83
186
30
167
256
151
55
260
285
273
112
39
224
180
254
267
40
139
292
71
28
178
62
234
272
277
289
82
176
303
149
163
130
20
15
101
298
41
17
136
114
185
263
207
120
47
89
197
65
237
221
135
73
153
288
194
287
257
154
248
87
190
270
117
44
127
61
157
50
