97
98
285
69
191
45
82
23
266
14
176
47
83
50
272
262
211
217
265
60
77
93
282
173
139
152
274
123
192
296
127
48
208
254
201
224
305
126
177
129
51
34
46
13
145
31
269
73
302
131
108
15
90
253
132
105
153
287
259
147
71
251
41
162
188
57
7
260
216
74
137
234
6
9
220
258
230
19
172
163
250
227
89
79
75
96
107
284
263
159
212
150
42
144
279
136
44
301
149
225
293
280
148
184
256
17
70
30
138
39
63
94
167
203
229
28
245
273
116
271
219
84
169
186
205
76
64
111
38
276
299
140
215
103
223
142
3
141
88
193
61
62
189
213
130
134
214
114
206
20
294
109
202
304
306
119
247
175
270
190
37
183
24
125
101
165
182
267
283
242
49
154
124
171
120
303
195
248
179
156
168
237
122
298
112
118
264
36
99
238
255
0
239
180
300
135
4
91
85
221
35
58
170
21
32
181
22
151
194
228
292
198
117
18
128
226
143
252
174
218
8
157
268
233
102
261
1
78
243
297
200
113
27
209
235
240
26
146
257
295
56
25
199
155
65
106
291
72
115
5
158
244
104
52
207
92
281
164
12
196
95
161
204
197
307
232
249
160
16
277
166
278
121
110
11
2
178
