51
283
26
119
296
18
88
263
44
144
165
111
287
138
294
258
84
290
192
28
123
245
24
89
284
216
90
30
103
281
100
55
72
277
193
167
126
40
86
92
254
93
250
289
298
7
288
253
132
208
14
201
124
247
160
168
195
141
291
58
269
182
161
78
177
259
136
218
6
130
96
212
39
194
166
271
237
249
239
279
108
53
67
272
139
117
159
20
155
35
226
52
121
15
8
149
142
33
5
134
118
293
38
206
69
99
43
221
9
238
85
113
57
246
204
150
162
12
183
47
17
207
276
186
46
305
114
80
228
188
75
13
71
112
164
102
3
261
264
243
184
203
74
65
190
23
180
36
303
120
198
107
140
61
31
306
110
11
56
300
174
173
116
242
73
147
299
302
83
241
185
50
223
128
215
0
266
234
257
220
191
252
213
268
286
133
70
98
270
10
175
97
79
95
278
109
122
209
202
41
179
262
210
77
60
275
146
227
251
267
153
235
295
199
66
94
158
76
148
4
196
101
145
143
260
236
231
273
42
32
187
233
280
16
157
232
104
222
211
304
181
297
189
151
25
214
229
256
282
307
19
156
105
64
178
129
200
127
169
82
171
219
68
230
48
1
37
54
176
265
62
152
255
29
137
292
225
