289
207
219
106
200
255
227
97
131
275
64
149
42
39
278
11
304
296
211
141
83
86
160
103
236
112
159
165
153
233
167
250
150
186
232
92
10
93
67
238
30
216
287
204
88
306
53
166
138
161
17
196
300
101
285
265
178
144
218
113
143
77
302
38
288
298
81
259
273
183
128
244
276
174
68
105
61
46
110
214
261
47
43
301
140
37
260
124
118
303
262
217
195
220
28
212
286
257
185
181
221
79
33
8
104
202
27
125
246
98
182
15
7
1
12
242
100
175
75
184
44
199
281
235
5
3
142
135
277
241
96
111
18
57
29
279
129
191
229
95
169
116
254
133
189
234
132
230
90
32
251
69
280
152
55
82
179
136
247
266
13
203
237
45
123
36
193
192
87
108
222
258
239
94
294
78
163
168
198
194
162
71
23
74
284
164
210
267
170
268
139
122
91
299
243
56
256
126
65
197
215
252
62
240
245
41
114
85
121
107
177
50
180
34
151
201
158
6
119
134
147
14
4
205
137
76
154
40
20
89
117
80
224
213
264
291
84
115
35
253
9
70
156
59
145
16
127
270
31
22
73
48
272
293
19
25
109
225
188
171
99
102
157
263
209
271
290
248
155
187
148
231
274
66
208
223
24
