35
307
136
194
65
158
152
165
159
256
48
235
242
206
290
87
298
306
61
217
302
110
233
107
125
55
203
111
260
168
226
16
36
268
109
246
53
120
279
155
129
41
122
118
301
185
26
254
156
174
234
73
37
0
20
69
92
75
250
29
248
95
123
18
138
124
281
143
14
131
47
104
195
67
267
293
147
116
297
60
255
232
169
239
187
58
258
286
224
201
249
82
273
145
282
106
173
205
180
200
31
208
151
179
78
132
8
108
171
90
83
117
199
139
304
202
135
99
212
96
177
218
277
112
62
134
137
80
190
70
178
23
52
275
183
142
72
292
3
102
238
294
50
264
22
93
263
221
46
100
222
247
28
287
240
2
56
225
40
88
25
68
262
285
38
295
289
170
77
241
161
270
210
265
303
296
149
12
223
126
236
7
15
51
204
227
141
57
274
278
243
17
98
288
27
105
266
32
213
54
5
229
197
13
269
280
157
251
63
216
59
175
114
97
79
283
71
150
43
113
85
103
101
230
162
86
252
130
291
300
76
119
189
219
144
127
209
44
186
182
305
193
6
30
259
163
284
215
272
1
160
245
231
121
115
10
128
244
94
39
74
66
42
89
166
164
140
188
24
34
45
84
237
192
33
19
148
