143
294
261
102
145
229
47
230
250
68
232
44
77
239
244
108
276
173
69
216
61
172
264
291
81
121
303
37
46
3
51
201
87
194
213
80
75
257
195
100
265
65
211
63
35
289
107
275
133
36
178
39
0
301
197
53
182
205
306
220
245
177
137
180
187
95
285
128
236
223
72
56
227
246
221
16
146
38
295
203
84
10
253
127
18
214
225
55
254
26
90
248
188
82
40
200
238
242
101
282
162
252
151
98
99
274
302
113
48
255
226
150
196
88
219
27
129
116
12
228
268
32
105
233
271
19
4
43
17
147
96
21
141
234
277
124
240
34
153
20
8
79
140
184
193
256
97
11
24
73
149
104
23
154
307
161
25
117
109
185
186
115
286
278
159
206
224
22
110
166
260
120
114
169
155
28
258
158
2
217
131
272
222
174
58
31
181
112
92
179
243
209
298
7
135
283
62
14
266
304
103
94
93
123
132
284
198
249
296
148
70
287
171
30
86
263
74
152
130
59
29
190
247
163
125
91
119
67
281
57
170
164
13
50
192
251
241
122
212
9
215
71
142
218
297
290
45
189
134
288
292
191
183
42
202
15
262
273
300
207
167
156
235
165
168
6
83
126
41
60
160
5
199
76
66
231
33
