163
15
178
199
146
292
301
31
73
260
14
206
82
99
209
27
211
158
87
267
103
121
41
296
113
98
129
182
64
273
176
247
65
116
44
171
90
124
279
12
281
144
223
300
246
218
263
118
191
244
24
112
156
284
221
126
88
215
147
229
220
298
26
17
10
249
208
81
302
56
243
95
148
107
11
167
269
188
276
141
142
232
28
80
5
164
307
217
0
79
77
195
127
114
236
196
270
197
207
61
245
35
282
86
297
271
52
201
305
257
122
261
83
225
230
264
34
75
169
212
203
115
21
66
134
46
252
216
100
285
253
9
97
102
222
48
160
63
192
237
140
172
38
183
278
168
84
275
78
254
69
180
139
101
210
234
173
137
190
187
39
241
272
92
51
185
135
288
36
23
149
119
303
151
166
13
105
125
133
76
19
117
287
256
1
189
165
68
262
200
71
108
290
96
179
123
152
231
91
128
159
258
45
194
240
145
120
214
235
53
110
265
32
294
89
138
175
8
299
289
251
29
59
60
291
266
40
228
74
219
43
50
70
3
170
4
162
259
104
242
280
106
16
154
227
132
33
177
18
277
248
213
93
202
150
204
184
161
181
136
205
268
143
224
130
233
30
286
25
2
306
62
131
198
153
274
193
