695
492
920
99
238
461
624
580
327
360
964
725
449
872
51
867
662
539
107
301
272
658
354
322
39
7
512
144
651
310
910
210
414
31
169
274
87
538
262
506
833
519
816
806
800
1011
677
477
614
226
195
287
774
632
15
663
676
586
77
742
413
958
172
620
523
577
849
813
138
176
674
141
67
935
811
353
593
861
58
187
996
863
733
352
116
760
387
81
699
1005
757
772
158
179
278
101
826
333
887
92
1006
619
152
727
441
326
198
312
675
403
294
602
883
775
1023
840
990
375
914
714
783
249
590
1010
452
89
551
710
269
319
573
65
897
394
859
220
1008
844
828
642
628
194
886
956
818
720
520
1016
631
556
361
621
545
936
565
85
743
1
983
48
415
965
899
454
100
376
268
1003
765
652
768
54
622
821
102
928
756
237
820
717
345
608
159
715
208
1014
771
626
952
934
942
252
635
71
337
535
817
582
824
254
812
505
805
296
162
744
591
568
567
712
842
370
143
587
10
30
650
423
902
334
646
673
1017
633
876
311
439
513
314
242
50
142
12
84
904
79
213
870
579
94
496
825
893
782
999
968
878
960
892
35
795
518
171
943
730
338
1024
486
932
970
137
973
475
1019
412
407
494
822
552
905
25
305
451
444
320
73
759
86
362
37
543
808
689
168
766
391
726
957
455
222
56
575
379
271
719
838
80
205
671
385
529
386
911
2
487
260
466
846
3
190
721
122
976
615
709
687
193
594
46
185
802
199
445
664
926
104
516
453
588
891
367
302
145
563
589
263
574
773
390
685
690
266
397
679
561
350
204
464
683
489
531
850
511
668
803
250
729
681
517
32
644
53
344
150
346
1013
377
948
831
23
130
471
332
378
29
547
468
791
732
895
363
419
257
924
340
571
598
13
134
749
735
476
286
216
374
273
966
525
389
457
504
611
61
562
1007
236
224
701
667
230
36
219
119
359
173
133
436
64
324
908
284
270
481
166
125
750
864
223
132
869
991
758
975
395
629
564
930
931
209
993
288
541
595
382
643
882
450
810
546
170
421
276
189
430
431
175
309
972
109
1029
949
559
0
929
532
34
603
609
696
460
121
299
789
684
888
500
76
665
472
281
945
793
955
784
251
448
856
569
723
653
186
24
232
298
980
447
974
656
860
737
33
49
814
534
600
858
146
509
997
873
780
951
44
206
136
707
612
508
434
336
672
235
702
14
167
184
62
649
118
328
1002
95
124
233
401
533
406
583
196
416
896
894
570
342
754
410
938
207
919
995
325
28
807
728
839
330
343
855
47
787
799
982
458
202
497
977
678
660
420
275
921
245
446
429
851
885
483
180
947
776
998
60
156
103
68
1004
755
26
398
761
832
536
884
670
318
903
200
988
969
364
654
442
875
192
474
231
502
469
331
809
291
283
356
906
485
38
225
105
215
854
877
941
698
703
241
1012
115
682
88
581
1028
510
1021
427
890
161
201
78
555
939
120
243
788
1000
157
267
392
617
544
777
480
316
913
857
769
498
718
792
830
329
711
388
843
9
261
470
8
404
174
280
182
321
155
409
177
357
112
55
527
96
852
915
181
246
335
279
456
659
874
348
985
912
188
909
70
880
459
526
293
738
946
751
524
713
836
747
490
550
927
868
731
151
661
741
43
108
131
740
239
126
69
954
426
572
553
639
110
785
794
827
693
368
746
1001
606
372
770
657
258
781
66
493
396
295
27
111
940
697
680
229
183
59
627
380
645
438
548
82
889
74
63
694
823
613
341
989
6
228
93
315
537
20
640
739
313
42
801
40
865
147
566
514
323
686
358
648
937
491
212
253
432
549
114
123
907
160
585
465
722
708
399
767
607
72
691
259
234
154
530
762
734
292
478
592
610
616
178
666
634
797
521
306
917
467
630
197
898
978
584
618
165
437
745
848
987
90
264
371
304
692
669
576
604
992
963
117
986
866
700
752
834
704
191
41
804
994
405
1025
488
135
113
402
641
128
944
819
554
962
355
925
528
129
829
317
428
1027
373
91
1022
881
256
303
443
365
636
140
422
950
164
148
778
393
495
871
163
217
557
933
5
967
1026
979
796
351
1020
916
923
647
479
971
45
763
837
638
289
716
218
153
847
435
981
277
57
705
418
736
558
