877
457
234
171
380
111
565
854
170
555
803
574
797
585
447
646
92
688
9
186
83
534
429
401
579
710
671
988
404
839
37
298
205
245
723
541
299
103
269
835
12
537
1019
977
965
301
471
88
343
305
382
296
349
713
387
297
292
339
561
817
974
658
994
261
551
949
62
13
235
939
185
1010
557
845
766
1026
1004
86
664
460
538
808
180
1028
374
966
651
698
257
843
530
455
381
433
697
129
279
761
440
737
408
823
308
944
756
539
624
722
152
884
287
118
476
237
612
930
895
293
357
311
329
805
254
344
400
484
872
818
193
800
936
283
571
33
690
594
236
405
202
20
814
317
334
709
480
720
486
637
258
985
273
778
931
779
252
39
982
502
550
976
369
11
650
927
573
191
314
188
874
952
5
373
943
104
1003
365
608
902
337
397
600
635
239
388
1023
791
619
979
514
868
124
372
275
733
493
525
322
148
192
715
867
428
997
535
586
201
512
1011
115
494
707
81
89
448
711
923
432
138
924
784
368
342
199
246
633
654
107
661
700
543
675
634
27
763
1009
719
648
824
570
569
491
841
1020
136
896
87
945
472
359
182
917
406
449
10
197
14
1014
85
358
767
533
106
509
383
378
863
1025
396
673
422
915
990
496
158
593
728
806
789
858
523
414
1027
54
544
437
282
699
725
975
542
150
755
731
162
606
459
984
517
203
510
131
989
1024
716
656
172
207
183
837
140
366
16
591
566
384
1022
732
75
787
77
581
371
247
999
204
677
746
685
398
418
177
507
831
832
584
49
681
42
146
937
56
454
169
838
467
848
751
155
50
743
524
1015
916
223
1005
906
645
964
25
846
379
324
696
875
194
862
518
184
288
504
879
801
617
828
112
318
268
663
765
483
609
91
536
159
249
67
962
176
638
740
233
473
101
951
165
735
198
813
995
462
294
922
622
910
659
826
757
285
353
955
97
940
809
497
362
576
206
881
521
630
250
625
385
747
596
718
267
313
641
360
212
900
905
1001
312
78
983
788
714
768
873
466
545
73
190
669
830
153
516
306
684
693
993
333
147
898
891
488
173
18
829
58
631
417
232
827
736
477
328
706
662
354
903
478
431
501
552
438
119
971
702
291
734
156
615
79
181
753
117
741
109
549
498
836
692
708
271
100
356
426
572
1006
620
72
120
69
90
110
424
435
256
816
416
602
918
160
563
505
771
978
597
738
794
695
482
1017
321
611
1008
461
167
748
935
782
325
144
605
231
272
490
128
887
721
614
812
933
133
442
142
367
391
727
560
24
649
403
893
724
781
121
122
604
423
174
919
196
764
886
195
513
904
376
929
53
43
139
769
377
48
607
758
527
680
508
276
262
175
519
590
626
587
127
1012
166
304
264
345
214
105
316
270
350
255
503
303
938
853
666
76
274
347
46
0
840
842
703
244
189
224
65
242
341
947
909
413
616
954
957
216
500
849
82
972
468
773
822
23
284
598
899
668
644
210
361
907
161
603
364
859
870
243
665
187
770
145
786
346
419
802
469
864
686
885
774
683
300
326
470
1021
427
825
775
860
911
871
807
777
687
125
95
226
799
562
219
834
531
96
682
851
331
960
59
745
610
821
430
489
51
320
410
580
639
336
64
742
921
589
444
912
61
407
920
852
790
629
986
967
323
652
599
956
632
394
241
395
307
436
389
1018
762
810
548
411
363
925
309
1007
889
623
796
439
137
667
847
582
660
880
451
869
277
932
340
463
795
412
281
450
265
108
578
567
21
228
888
705
114
689
704
280
441
850
41
36
217
149
678
8
987
30
970
730
38
113
302
355
15
942
99
415
934
618
479
866
855
52
739
928
592
819
409
200
679
820
926
375
458
892
515
844
992
352
6
335
883
35
209
759
792
1000
310
390
1
577
4
672
66
647
532
22
154
464
19
425
151
143
963
815
57
351
474
948
263
953
453
74
998
642
266
811
98
717
94
643
178
215
776
260
71
393
68
495
961
865
559
540
168
861
575
443
218
882
499
80
327
332
783
991
564
876
290
526
568
744
40
528
3
980
487
553
402
556
670
475
941
601
754
213
785
7
968
554
969
227
116
628
238
750
386
157
130
17
547
798
691
595
897
452
55
141
856
613
627
445
621
780
93
752
