770
166
934
761
126
306
185
344
165
95
1008
367
3
741
832
385
648
524
539
39
443
10
234
21
378
530
63
587
529
685
278
795
453
783
844
692
242
32
422
246
352
36
44
588
77
210
338
857
877
411
533
890
744
622
300
829
497
75
984
1017
647
477
939
65
255
198
820
61
432
765
375
737
788
734
833
408
698
810
22
31
1028
629
800
275
773
1013
836
521
205
494
828
604
373
991
206
474
508
935
121
120
998
397
992
511
54
624
943
798
679
398
876
927
723
659
979
297
190
512
722
107
937
874
221
148
167
1011
617
735
553
214
830
24
923
635
269
74
349
665
561
823
562
318
880
707
747
724
395
859
35
586
528
503
41
442
626
1003
575
593
406
716
176
669
996
547
505
897
16
189
518
640
826
868
141
448
760
911
703
248
743
365
37
1020
376
1019
1001
569
407
237
180
467
321
451
1029
34
440
709
184
481
170
958
30
388
4
72
119
663
471
92
249
105
949
970
892
610
942
675
69
764
612
983
978
461
671
384
323
607
382
342
351
580
1023
94
536
454
369
62
312
867
704
803
435
881
964
990
425
817
891
251
1004
241
310
86
656
465
139
202
926
372
153
1016
598
916
972
658
46
429
630
131
778
371
989
253
370
729
649
163
28
609
433
818
780
563
683
430
188
931
117
1022
616
789
308
986
673
6
285
0
316
179
959
254
157
971
324
156
821
396
565
782
287
985
802
714
466
715
726
421
9
377
920
805
26
796
172
227
231
702
925
299
413
507
664
537
865
907
523
808
766
447
140
114
644
858
792
90
960
76
797
362
389
1015
150
522
906
928
700
5
339
746
691
501
787
579
527
603
1021
93
785
573
116
896
799
694
143
674
1009
387
52
273
754
611
118
264
584
705
57
591
496
424
289
191
837
576
13
59
252
759
520
8
577
950
525
835
851
548
260
368
790
1007
130
873
225
804
502
982
215
951
169
91
455
879
58
657
919
14
366
884
701
1018
947
123
98
444
446
774
330
414
56
138
175
359
545
777
952
415
929
684
592
29
292
888
271
418
288
514
42
762
181
849
568
976
526
543
104
878
838
402
945
355
680
693
431
341
73
317
566
33
750
988
472
625
519
392
245
207
745
643
99
129
239
7
199
258
645
64
101
357
327
583
965
688
842
652
670
195
488
895
582
678
863
309
930
1000
794
329
816
872
708
305
560
47
232
314
279
152
908
672
905
846
531
193
883
243
486
681
360
642
893
733
676
383
940
1006
390
354
203
980
427
346
601
513
236
55
1027
969
758
238
621
719
809
403
216
631
732
350
347
20
293
500
653
917
133
933
302
211
456
280
111
393
834
174
226
655
449
995
336
277
183
898
871
886
303
862
469
463
15
953
162
710
554
109
977
220
82
516
89
534
499
194
660
404
161
213
748
265
855
498
304
738
410
590
192
1012
487
825
276
81
791
244
1
769
445
235
286
912
636
558
328
728
405
574
475
515
772
638
641
608
186
924
43
596
11
200
757
441
853
811
142
619
614
894
618
650
164
106
535
915
718
480
686
751
813
257
493
721
713
752
771
88
136
459
627
807
313
489
301
815
606
639
154
224
419
363
706
438
112
462
557
380
483
948
381
677
632
48
666
962
938
25
450
753
281
80
315
646
333
103
864
689
110
134
755
457
504
889
17
320
50
697
570
532
311
559
922
326
223
294
145
727
999
84
168
340
552
730
159
485
936
412
96
146
68
901
605
1002
434
824
902
491
284
767
973
712
149
869
900
651
144
974
806
478
460
850
115
623
267
819
394
348
822
541
585
654
720
997
250
571
875
298
555
420
282
564
848
567
903
319
361
932
135
78
913
781
335
887
690
125
542
358
386
437
739
85
53
544
147
128
468
993
343
268
882
182
270
40
981
749
124
247
12
240
122
843
345
334
968
426
717
731
546
187
551
866
841
217
852
470
776
401
509
67
975
814
173
230
127
957
682
416
160
262
594
581
966
108
177
827
860
696
918
83
204
400
439
171
994
1014
296
742
201
256
137
27
987
941
178
740
71
661
793
763
100
602
711
337
756
695
45
490
353
687
208
23
786
963
332
637
97
209
399
79
219
263
479
812
49
510
589
870
955
356
909
599
272
218
417
506
132
