622
13
989
342
38
74
684
323
751
610
510
919
139
1001
18
608
718
950
956
300
329
618
118
916
564
754
126
82
313
208
301
866
414
983
133
360
302
100
643
879
259
615
434
767
80
182
951
176
212
731
530
558
917
937
671
534
556
189
330
33
700
693
154
294
637
503
922
454
864
790
374
886
739
93
426
735
970
7
21
257
499
748
604
565
401
933
495
389
489
195
852
70
475
157
178
617
150
875
1025
757
345
639
572
963
581
981
646
199
692
358
95
635
876
962
1
932
440
371
621
234
320
282
337
194
724
742
120
1014
689
393
690
123
307
717
144
168
929
961
656
805
681
280
488
577
392
873
112
709
542
205
203
145
8
446
381
824
660
207
449
410
714
453
52
600
726
915
10
270
394
278
472
965
1021
263
631
743
75
286
235
1029
504
927
66
447
808
901
261
97
220
920
527
763
584
713
15
818
971
720
49
30
179
647
603
685
350
436
670
771
469
976
420
856
699
325
640
188
841
377
215
311
58
268
642
388
606
103
629
578
509
998
266
665
432
318
249
29
594
474
252
645
267
752
253
250
813
143
130
19
106
691
719
602
24
891
229
459
291
619
554
104
785
895
765
900
290
786
361
117
196
45
467
3
442
407
801
327
590
867
747
908
346
964
893
310
978
587
776
680
911
486
507
288
770
480
823
778
430
874
246
514
789
151
723
277
936
219
711
506
450
137
966
972
78
344
365
872
942
738
793
204
460
466
944
279
1017
90
390
225
913
1000
1011
4
175
521
101
987
750
37
949
834
661
787
83
772
725
625
586
423
163
312
889
918
187
999
383
40
513
31
870
623
820
946
845
385
799
732
540
806
909
967
334
683
807
760
1020
156
445
794
448
387
688
228
648
588
417
539
851
502
251
159
148
566
968
425
749
362
108
127
200
599
795
766
1027
940
733
65
1006
47
859
838
419
988
43
429
701
336
164
170
418
464
1002
837
882
287
191
184
412
955
455
218
745
984
162
53
222
224
177
349
438
132
737
348
1004
115
485
256
828
548
0
555
470
441
579
557
822
140
50
898
552
498
698
114
538
762
479
136
592
462
370
28
198
953
804
535
658
654
630
561
812
605
722
398
62
397
881
948
494
298
777
452
243
811
544
461
239
702
89
905
153
487
500
341
328
848
242
583
48
892
957
511
456
458
536
591
1010
517
333
240
620
314
88
871
122
796
827
704
134
22
338
914
231
958
443
304
1022
158
1005
254
34
409
85
68
575
815
193
764
825
627
641
1009
379
855
897
372
428
364
468
367
515
321
497
84
541
271
840
912
26
902
674
682
141
5
315
128
11
233
934
491
930
405
317
368
907
478
232
400
160
59
91
887
774
741
111
129
110
477
672
386
25
1007
537
213
23
421
985
96
357
508
568
451
77
105
768
473
559
992
880
784
490
309
406
192
728
759
935
493
167
857
427
292
973
854
86
210
437
79
986
183
1024
165
676
653
496
71
549
402
687
186
659
607
638
444
56
809
411
710
686
363
289
839
354
72
609
366
262
740
216
995
570
60
238
952
829
171
6
319
678
51
655
831
9
255
727
904
522
435
152
166
351
376
42
439
214
788
667
798
821
54
553
849
169
206
626
923
172
331
644
201
945
836
378
597
465
324
281
265
758
1019
863
492
574
979
585
571
800
846
896
525
878
910
463
415
899
64
326
73
657
634
41
669
651
780
833
526
730
736
180
663
616
283
560
87
94
974
391
476
296
550
803
835
744
369
755
695
705
14
347
501
1018
20
299
244
664
433
708
921
868
567
209
92
529
524
275
155
1023
781
422
303
35
595
181
269
589
729
322
424
832
782
2
260
223
258
343
960
853
380
355
532
124
523
598
403
890
69
353
947
39
520
27
396
954
512
17
237
284
518
121
373
673
850
941
816
666
399
611
395
76
276
36
650
1012
746
703
221
227
924
791
862
797
138
339
1013
482
842
12
226
632
652
614
943
546
884
939
679
185
484
457
562
230
779
113
109
149
677
116
1028
994
245
505
982
119
142
996
865
977
352
582
826
61
830
628
533
883
612
375
1016
274
938
580
894
382
551
716
297
543
32
1026
596
928
308
707
969
593
817
997
16
869
332
340
926
67
55
662
613
844
888
161
