807
27
19
837
705
953
950
1024
323
902
904
377
781
553
989
227
788
67
69
761
244
852
848
625
762
522
914
521
718
176
423
54
95
538
106
364
334
512
549
31
283
531
140
637
780
764
18
353
134
691
92
393
421
115
647
77
129
911
161
732
590
528
839
842
773
37
314
96
664
841
193
226
926
184
933
585
389
80
1005
470
1016
385
709
214
575
654
438
381
991
830
204
332
478
192
708
174
249
459
395
121
963
471
571
730
480
734
149
630
910
517
303
838
567
606
113
207
199
336
431
662
873
584
491
970
655
29
10
326
203
599
23
774
157
626
909
333
835
311
500
396
1000
737
219
666
462
866
410
153
857
484
853
557
798
194
845
251
135
1007
0
76
21
289
524
680
974
760
726
614
437
213
101
215
545
452
359
900
74
694
1009
97
378
1029
579
362
422
546
416
107
715
398
733
792
727
308
578
797
211
164
891
824
233
411
763
541
1
653
240
284
345
50
265
786
208
556
928
906
355
510
580
833
558
564
976
899
242
232
901
719
479
105
986
22
790
62
13
196
259
449
292
402
287
136
560
295
918
689
859
820
576
325
721
269
574
608
187
808
903
453
622
652
619
338
102
603
268
475
98
110
940
547
222
181
543
690
477
856
319
337
533
785
954
445
716
787
1004
221
139
508
220
870
988
948
977
992
684
921
770
366
544
482
767
863
588
695
1021
620
969
406
876
753
5
188
854
446
623
851
145
747
414
939
1015
740
53
397
301
133
958
961
735
516
436
703
907
768
9
7
880
772
1027
52
217
827
407
1003
642
104
831
942
60
639
846
692
660
789
316
999
367
583
710
515
984
888
309
426
881
746
865
879
252
167
469
447
39
294
688
828
162
190
638
741
6
123
160
191
959
239
45
1014
425
183
912
945
530
640
779
505
995
860
270
170
473
357
224
782
282
120
562
59
823
540
124
811
138
399
79
874
230
698
677
1002
317
643
253
975
628
589
1025
373
825
892
672
966
801
158
455
266
234
742
424
805
651
615
40
147
536
1022
291
169
712
131
1017
504
627
754
127
951
635
915
498
570
598
641
296
435
94
749
932
657
884
168
14
725
288
340
279
1010
55
720
968
142
41
552
748
122
258
559
159
750
380
450
278
331
503
514
443
867
250
302
116
618
26
967
321
861
375
924
889
511
595
3
15
840
246
778
156
417
813
360
368
163
979
485
324
699
701
285
569
513
201
148
42
347
673
568
862
802
636
141
460
913
441
223
383
463
624
186
444
729
658
769
33
877
810
108
806
794
290
58
952
683
632
775
994
563
793
312
983
356
440
71
44
370
430
676
766
293
551
235
272
46
125
348
978
616
809
934
687
982
518
216
713
962
448
529
555
783
935
276
803
949
2
185
81
957
751
872
343
66
85
119
990
229
1026
696
400
539
893
607
671
228
413
784
386
461
245
776
586
973
420
941
263
885
836
814
744
361
363
11
993
100
137
439
384
756
738
596
154
388
1028
577
849
600
56
472
433
418
474
550
442
829
886
200
679
520
486
267
35
895
341
189
152
24
458
537
372
1020
93
84
502
65
166
875
883
674
197
146
964
391
882
617
1019
109
91
925
819
132
236
63
286
47
64
492
956
818
36
526
298
225
310
456
816
171
602
765
264
509
103
231
855
597
644
315
711
394
1008
634
697
275
180
61
277
938
650
248
247
354
648
30
339
822
707
273
817
210
392
20
826
409
419
800
260
172
335
670
195
51
78
631
610
43
261
704
481
604
306
350
401
601
752
905
669
218
88
535
179
847
834
923
917
678
297
565
205
629
897
587
722
919
495
342
387
415
667
271
89
175
82
582
1013
49
943
466
304
318
759
755
661
525
936
202
723
920
594
894
706
90
489
646
468
592
507
561
379
255
682
804
371
675
659
542
87
663
960
143
981
300
8
832
405
408
322
633
165
257
118
178
346
83
151
28
70
864
262
112
896
327
965
656
488
777
611
358
955
490
177
566
771
493
68
791
702
182
1023
745
382
376
605
467
850
685
736
329
898
432
57
714
390
972
795
198
72
743
612
494
815
351
75
328
724
731
890
280
403
844
931
212
812
573
32
241
330
12
465
700
307
944
937
111
534
451
1018
554
126
927
464
365
274
