16
274
730
28
843
652
417
983
412
813
256
644
335
504
493
564
934
167
90
297
423
105
162
226
561
169
126
161
632
409
516
390
225
35
156
893
336
99
927
354
201
636
721
941
603
872
328
823
509
193
440
739
967
160
948
286
144
759
777
433
131
49
130
449
428
1021
918
454
633
707
263
179
213
203
840
1015
91
643
69
14
718
479
384
66
914
596
763
492
901
538
572
234
889
33
637
7
461
416
505
198
32
277
388
191
748
830
304
867
638
209
945
373
894
811
969
11
400
110
548
89
206
760
170
590
352
247
288
476
1008
321
1009
397
221
990
317
223
527
886
714
2
757
887
112
57
568
904
393
883
326
236
406
856
54
1
1007
809
884
61
291
641
566
100
6
361
917
142
389
276
367
735
125
405
26
145
430
180
977
92
181
746
907
785
932
724
688
102
686
742
829
9
292
719
224
570
745
820
961
723
908
1005
664
997
253
270
204
546
53
864
665
991
880
522
626
583
761
650
165
13
778
485
807
847
154
537
207
488
73
233
95
366
525
560
869
902
705
1000
559
383
579
482
246
826
248
116
184
267
1026
581
993
696
254
526
60
334
870
640
571
495
200
873
299
396
706
775
639
64
519
98
387
113
27
962
332
320
392
42
733
426
284
1012
464
517
404
805
689
955
530
215
147
565
103
171
816
592
573
47
135
486
371
728
531
349
737
758
849
239
774
529
194
854
595
436
309
970
452
979
708
876
439
467
331
781
612
677
635
115
963
937
702
87
268
127
365
598
933
974
535
627
52
651
539
683
717
629
327
817
897
360
613
906
343
899
678
41
797
821
458
378
18
262
792
222
661
491
855
607
520
74
500
55
920
610
913
496
157
544
381
78
511
46
923
543
794
838
346
764
922
173
199
237
634
679
731
308
736
265
896
1014
508
419
17
685
825
122
709
391
149
984
1006
957
20
667
287
133
80
188
803
998
510
859
136
944
578
964
545
235
615
477
312
43
257
120
183
272
441
1011
77
976
996
780
487
852
306
351
303
850
88
30
415
227
447
734
503
230
846
751
134
576
725
593
305
408
478
83
44
231
547
282
362
48
153
837
766
649
951
890
178
109
290
168
422
942
106
1019
646
37
182
313
139
315
960
311
269
434
150
594
138
711
82
22
616
684
741
795
59
965
673
418
863
692
518
507
791
1027
938
833
982
971
753
356
842
143
296
953
443
0
618
858
187
67
930
943
588
117
216
939
567
357
338
411
985
660
71
768
497
789
978
251
429
824
386
895
756
602
701
865
776
298
806
238
319
232
481
700
710
925
325
176
512
828
950
628
770
459
624
175
659
851
771
413
952
266
353
555
528
862
597
294
498
557
34
1001
675
1024
523
189
623
752
51
5
96
614
414
912
1022
330
554
891
123
534
929
212
205
779
314
490
713
219
671
185
75
992
747
868
146
861
611
727
921
50
425
10
653
940
619
703
704
1004
827
877
62
606
398
451
12
72
39
729
946
909
93
621
1002
988
364
585
834
662
810
456
271
65
605
972
815
584
575
407
924
782
722
726
599
255
250
928
435
857
141
669
620
995
261
281
915
533
682
463
260
845
410
432
926
784
1023
329
657
793
470
192
359
472
754
151
681
249
84
919
158
898
245
453
484
372
882
341
501
244
796
94
8
427
563
732
959
630
832
812
285
1025
947
258
438
56
475
307
421
715
935
445
552
911
591
647
716
355
973
172
21
81
118
966
839
347
656
582
835
514
369
280
301
888
765
1029
1018
218
569
822
786
905
38
293
374
931
401
609
540
767
324
132
399
431
524
379
989
617
97
252
446
740
720
345
601
457
871
787
124
697
196
676
4
562
814
278
45
462
350
19
444
712
240
841
604
195
936
424
148
68
860
279
377
645
322
24
474
264
695
874
3
442
344
382
690
910
666
155
40
283
586
469
587
589
550
333
693
119
515
211
76
853
79
698
994
370
788
499
674
402
494
772
549
541
608
275
506
273
642
241
448
958
949
1013
762
532
473
395
208
403
699
140
844
295
29
577
1017
107
31
394
70
1020
631
881
310
1003
323
455
892
986
580
114
536
783
376
229
749
808
202
363
801
987
23
174
900
968
790
129
879
259
137
190
502
802
385
773
86
128
302
