105
496
832
568
423
394
613
546
227
142
868
784
710
51
603
80
241
401
76
700
382
184
39
207
579
93
144
706
896
171
708
73
992
218
38
783
161
590
193
332
610
583
767
735
957
466
279
528
137
946
562
387
643
30
788
890
1002
766
303
944
636
536
225
545
813
341
705
461
835
797
205
560
440
498
126
849
228
972
927
334
721
875
470
357
751
1015
352
204
887
369
768
449
143
267
226
67
124
399
598
597
608
756
288
404
769
908
859
527
489
921
801
430
1026
882
658
27
347
745
20
652
45
938
304
650
651
417
986
165
588
899
961
596
483
47
662
232
1028
684
565
372
812
906
211
328
510
180
234
315
263
663
935
556
572
782
448
480
326
657
337
802
809
942
391
160
115
488
239
940
963
628
474
96
198
699
554
891
793
910
969
410
11
985
397
305
502
792
196
367
872
548
654
29
259
403
12
455
564
353
254
889
987
200
639
251
537
675
612
850
723
738
539
356
589
281
10
665
753
558
135
616
1017
256
955
131
807
570
202
104
336
458
344
381
860
897
472
762
490
78
244
194
720
885
1005
183
219
532
491
429
544
408
819
169
932
701
647
741
990
294
348
441
37
300
646
678
1004
857
1016
61
724
24
898
522
90
551
134
866
43
624
514
750
186
515
697
130
517
920
798
747
14
446
71
54
266
457
632
245
671
533
493
44
909
871
640
482
494
787
400
781
540
634
230
929
379
503
794
374
201
459
406
911
497
945
60
65
954
166
817
854
349
1000
758
301
383
775
970
237
189
925
117
655
800
618
454
307
150
1010
460
252
56
5
265
478
203
378
453
473
419
599
335
877
15
739
173
752
257
425
158
99
974
499
274
538
529
789
557
40
465
524
648
185
3
122
133
902
2
9
444
717
578
673
967
364
88
893
181
976
746
167
442
123
689
1020
669
477
116
846
563
402
95
68
953
443
355
1013
146
919
690
645
485
619
97
1001
48
928
975
1012
615
691
390
829
1007
384
836
823
26
436
609
414
109
1029
215
719
994
413
862
299
991
617
495
870
776
740
883
175
1009
217
949
666
693
748
286
511
799
1011
916
17
694
575
302
594
667
704
476
773
577
642
464
108
240
111
451
996
796
121
487
840
103
729
231
238
1023
516
346
389
863
777
977
284
84
297
821
154
492
147
574
952
917
140
260
660
774
978
152
268
525
129
437
605
876
276
686
206
74
138
703
277
979
106
844
329
361
734
947
110
360
808
153
731
661
98
456
759
668
269
818
273
853
249
289
861
192
841
728
912
621
839
55
518
828
471
749
306
340
587
521
431
168
791
53
736
771
298
77
831
795
638
275
46
629
814
569
695
416
526
715
826
262
148
479
386
18
790
229
118
280
631
445
285
764
359
1018
964
34
582
810
637
879
644
283
314
542
310
176
500
727
139
309
213
864
316
373
999
424
33
79
216
760
4
884
711
224
962
635
531
264
520
519
120
873
469
197
1027
170
716
550
151
407
420
149
447
856
1006
159
601
452
707
1024
674
888
772
87
321
1021
641
418
94
815
157
342
411
375
296
687
980
923
968
722
278
904
380
993
679
272
468
58
395
713
971
778
730
69
682
611
786
354
57
50
62
855
113
506
371
409
827
385
432
901
931
553
943
507
718
512
867
581
187
725
190
838
805
547
585
886
988
926
271
270
892
35
188
744
435
222
692
330
63
91
620
320
323
626
936
363
580
555
486
552
607
670
32
433
16
59
327
481
830
566
255
136
246
191
421
412
163
318
368
422
501
172
559
141
1
311
0
757
388
393
816
377
295
365
179
86
258
914
726
653
52
293
475
822
874
561
128
282
997
982
685
907
858
847
733
848
649
845
19
366
49
895
604
915
606
842
1008
600
235
100
23
102
221
405
824
290
865
42
13
951
317
434
484
467
415
291
343
438
939
806
439
287
934
965
64
36
75
659
534
573
107
178
331
983
463
41
214
209
250
804
941
132
966
504
308
513
586
770
145
592
933
313
1019
351
743
903
869
681
82
195
765
523
242
261
625
622
981
627
811
155
324
571
680
127
833
960
837
712
683
1003
83
428
322
785
755
677
763
878
247
998
70
956
253
31
114
6
212
125
614
1025
325
333
1014
112
549
177
737
584
924
779
