712
782
498
702
316
488
463
494
870
240
660
747
674
22
770
897
329
707
950
273
253
555
725
916
648
406
996
84
101
154
263
764
330
559
378
486
71
503
787
70
810
83
161
483
853
355
988
339
745
647
520
482
275
247
998
524
717
387
959
845
116
686
791
774
166
824
124
637
36
912
62
469
307
54
885
850
280
239
537
94
749
586
970
286
182
179
954
890
125
128
761
278
135
19
588
936
502
46
96
397
792
439
157
16
467
292
887
1001
462
335
173
268
501
18
620
424
635
886
724
864
15
356
362
768
567
490
383
928
508
269
756
202
429
87
25
617
11
985
599
411
734
991
1006
811
582
431
205
183
615
417
270
76
1023
533
607
534
322
258
947
81
369
79
419
989
228
145
859
943
264
301
375
758
539
423
796
696
399
848
541
958
846
671
184
860
102
499
542
667
156
679
779
112
250
691
200
119
525
813
979
305
644
893
997
340
151
1024
909
56
120
978
361
460
303
687
843
344
773
730
664
708
216
973
42
6
506
1000
713
196
892
771
271
955
210
571
50
610
626
74
737
772
308
594
189
466
304
192
938
147
8
441
223
65
788
601
987
254
137
562
915
678
827
493
820
3
832
545
313
172
293
267
736
132
948
754
925
655
992
593
965
652
175
639
447
327
312
319
784
793
300
762
740
705
33
765
933
277
1020
382
105
255
78
967
961
878
298
962
393
718
650
449
572
282
828
492
710
318
426
585
169
379
786
232
139
231
97
929
367
931
272
281
252
39
546
839
5
799
517
177
697
168
591
47
634
898
422
404
194
217
279
543
766
1021
80
561
728
242
238
527
662
814
158
333
90
1019
457
535
491
795
442
656
669
999
806
629
354
1016
606
636
549
822
363
32
262
563
802
234
682
560
148
385
833
746
133
7
236
428
10
837
1010
123
612
953
983
106
727
100
882
443
776
881
993
434
88
750
834
842
715
357
732
118
654
114
1
85
659
256
861
944
470
392
1008
391
167
241
711
2
868
451
665
288
530
923
165
984
40
742
446
808
352
844
358
233
570
866
214
578
274
412
769
420
225
408
95
388
170
847
676
981
974
410
45
627
641
698
677
889
58
569
684
622
666
872
68
689
409
789
941
927
245
134
821
976
794
480
98
89
257
290
212
121
670
140
835
760
521
64
884
207
37
12
284
995
775
464
529
688
285
623
903
150
939
31
43
554
735
968
448
577
321
197
1007
260
829
472
905
504
402
743
819
918
668
556
53
831
778
706
171
465
456
416
235
295
838
474
485
328
201
287
558
473
230
244
781
13
752
92
405
445
187
550
726
701
403
1029
48
34
874
180
852
122
60
73
856
351
587
110
596
108
875
934
221
531
93
109
869
276
213
817
63
373
325
583
703
389
935
505
261
797
326
841
830
376
709
640
584
700
851
41
1002
77
511
907
518
21
514
865
345
871
544
557
193
149
901
496
823
67
614
1022
143
386
471
72
479
945
450
982
489
805
421
104
661
904
722
777
249
86
204
57
716
755
672
163
699
453
1004
394
723
481
370
624
1015
468
1011
611
631
372
922
342
980
803
528
564
590
1003
437
103
69
649
818
924
129
919
360
476
902
763
940
913
343
579
930
336
337
972
960
854
759
598
291
894
495
117
693
971
1028
484
185
127
29
565
26
435
55
581
638
840
1018
767
553
141
452
522
174
289
619
487
414
880
401
4
23
111
540
400
1026
51
602
310
653
675
52
164
753
942
986
877
136
509
589
809
547
908
790
719
314
780
690
246
552
1025
222
500
17
863
914
825
969
208
227
1012
415
1005
347
315
975
744
867
895
432
751
510
427
265
604
59
9
188
418
862
317
507
348
873
243
206
621
949
896
643
580
816
30
741
377
568
826
380
91
160
396
215
126
433
49
685
146
651
574
38
218
994
323
338
1014
107
178
576
99
800
209
883
801
75
785
748
186
876
350
951
61
478
384
906
152
311
673
458
633
203
226
461
191
283
159
681
368
341
952
783
917
804
366
66
181
413
932
616
957
645
911
302
430
20
162
211
306
695
731
398
266
198
436
920
138
153
219
625
390
28
296
937
888
425
516
812
365
454
605
346
371
573
27
309
259
849
444
440
714
1027
1013
229
566
538
438
353
551
519
