183
214
598
277
857
222
938
1012
784
499
941
494
95
729
243
382
963
435
939
898
387
540
354
525
902
926
792
516
448
533
743
305
921
160
187
773
781
611
28
734
752
151
995
956
469
618
505
292
406
79
68
71
603
520
804
184
958
957
358
332
513
318
537
750
559
234
146
890
929
1027
1018
280
742
473
437
699
19
256
399
749
355
124
981
412
269
327
625
825
621
1000
632
453
45
1025
141
342
980
660
419
281
466
190
849
90
889
735
58
373
933
111
644
895
879
123
333
569
827
440
413
506
984
563
591
521
122
785
564
557
664
1010
599
148
823
700
881
571
896
509
731
273
829
550
795
730
546
884
424
465
130
169
498
761
740
764
955
106
207
852
349
623
287
472
392
590
950
805
954
369
634
457
630
235
288
304
820
1003
81
394
576
638
116
847
294
1002
659
652
162
682
217
967
527
103
92
197
56
43
728
352
970
791
41
489
966
251
302
991
653
495
843
140
178
622
710
289
724
715
422
463
814
839
932
736
396
113
248
301
548
105
1016
117
617
583
417
129
335
383
174
284
261
328
29
747
61
838
696
218
468
205
822
264
96
885
887
300
245
257
34
770
74
293
722
312
850
790
585
25
52
863
6
89
356
233
5
119
315
376
483
899
416
882
745
694
982
688
544
9
695
570
374
150
782
13
59
311
719
744
185
339
237
480
322
182
880
485
407
669
330
310
142
504
323
353
27
556
753
314
309
297
186
209
562
608
914
973
536
491
274
918
35
30
972
145
670
900
65
907
303
649
359
867
948
360
15
55
108
714
685
255
627
596
892
888
545
101
135
486
121
808
82
851
904
524
479
508
626
878
176
189
397
965
507
361
712
678
997
368
275
549
341
775
901
240
321
610
153
992
115
391
778
568
911
389
681
667
1019
1006
347
633
824
313
492
366
721
497
799
336
554
945
175
232
974
475
167
18
572
133
307
1014
961
441
586
687
98
337
662
283
11
975
689
937
979
204
716
523
672
84
819
832
771
476
170
528
532
812
631
543
242
172
17
72
118
428
136
402
573
156
418
226
616
798
960
88
693
675
403
351
797
94
40
655
271
776
593
443
836
602
404
173
691
865
654
962
201
149
434
210
993
998
983
250
317
816
577
646
456
737
278
594
636
934
534
195
46
923
481
299
85
438
720
470
62
645
436
63
276
362
947
788
1029
100
410
411
125
553
477
216
77
488
0
381
191
390
131
760
701
821
969
291
22
49
707
344
925
674
20
120
1008
126
942
279
766
252
860
755
828
1024
727
188
903
39
796
893
789
198
147
875
994
42
230
680
768
519
329
706
408
877
97
76
200
940
683
684
538
604
853
16
423
1001
91
109
388
467
452
357
501
894
1026
400
535
628
739
515
171
612
350
996
916
430
582
246
661
915
254
104
920
282
37
751
592
922
912
484
298
64
3
676
99
474
415
558
697
606
944
1022
756
445
561
629
757
69
213
511
909
641
830
258
93
574
906
2
811
221
815
10
765
786
446
754
531
539
102
597
705
1
211
249
584
225
913
393
826
462
429
228
842
455
308
7
143
613
401
236
458
952
686
23
774
179
231
4
1005
517
158
702
377
547
733
868
266
459
502
845
295
741
127
873
166
578
787
32
319
165
224
320
1023
1009
31
1021
783
44
959
936
199
690
658
793
159
647
66
671
192
859
24
114
372
763
560
976
343
919
487
988
541
432
139
989
833
53
657
47
21
405
286
619
253
128
854
723
163
247
846
265
306
522
137
834
132
872
345
50
482
518
227
810
324
949
490
380
134
203
566
711
260
813
512
168
1020
605
367
370
746
835
409
439
971
908
615
263
806
552
14
779
48
384
555
112
987
767
164
869
692
338
51
607
840
449
668
871
365
364
844
1017
831
375
503
601
177
181
858
194
732
426
999
769
1015
1004
951
870
386
262
385
924
57
709
665
738
220
444
379
718
977
648
818
296
642
75
762
451
36
862
587
579
635
643
663
478
883
371
433
83
794
758
651
33
161
86
551
180
595
864
26
1028
526
431
777
841
698
780
931
267
703
985
928
325
666
624
704
580
331
567
609
154
943
886
848
800
241
866
650
60
717
268
1007
496
542
759
529
656
935
70
856
930
725
530
340
78
589
