435
554
13
377
344
560
356
279
622
492
580
598
1001
927
104
829
737
413
404
996
87
857
542
787
193
144
768
459
835
450
602
8
430
887
587
314
382
359
612
714
593
594
695
508
493
702
864
100
992
771
301
1024
932
976
519
863
1
51
571
295
243
358
67
40
77
504
774
661
799
575
311
961
672
28
659
490
91
327
20
46
63
227
826
753
433
32
569
561
838
578
248
420
641
257
491
928
407
993
950
389
81
197
866
318
987
674
259
800
837
110
247
303
780
899
1010
709
211
699
915
135
379
239
422
253
65
330
565
911
390
296
159
686
535
974
84
163
967
19
687
874
472
766
223
973
119
471
807
162
972
178
306
589
546
980
907
552
710
846
583
349
321
692
929
513
734
859
643
794
722
919
140
728
527
654
236
682
652
355
773
114
609
31
850
743
825
277
95
83
689
173
266
885
273
833
611
791
222
532
489
681
793
417
810
371
283
537
484
984
777
123
845
630
398
103
573
23
626
374
27
383
347
914
69
792
805
205
668
447
752
770
628
590
551
437
143
89
333
639
688
549
868
127
228
293
757
541
577
678
534
476
368
55
690
269
54
59
741
44
116
76
904
365
763
649
302
415
847
693
635
49
566
481
796
965
895
957
898
250
94
405
468
339
671
443
782
45
101
436
664
216
610
264
134
329
631
367
856
1012
888
991
384
982
261
884
802
249
308
498
745
662
557
268
260
71
342
524
677
22
1005
464
392
515
819
240
410
816
16
18
603
221
337
1009
865
529
558
1017
579
267
74
448
618
370
576
393
990
632
348
496
651
56
298
953
981
483
921
444
718
375
171
736
726
879
704
394
586
680
548
391
176
300
994
316
195
708
798
747
844
126
746
432
361
605
473
395
218
880
409
873
717
606
938
759
280
291
220
946
617
691
161
292
842
648
600
1014
180
642
748
894
449
164
446
213
174
310
145
629
852
823
998
124
158
132
232
263
572
7
969
88
115
673
855
772
720
41
230
803
34
936
512
776
9
913
854
851
185
1026
616
559
910
147
96
485
721
539
900
165
423
57
584
511
246
271
540
767
215
72
562
373
831
901
830
940
200
136
335
507
0
769
849
988
17
656
788
11
411
595
380
827
658
480
451
520
324
336
175
820
574
403
1015
128
675
698
945
151
121
270
832
906
191
317
979
956
700
509
340
891
486
1028
256
152
43
157
474
201
553
315
882
166
923
1027
160
876
517
908
48
68
942
790
744
462
999
977
755
924
729
461
426
804
38
934
909
183
808
955
289
231
245
536
37
1013
453
325
366
896
70
525
21
963
599
634
920
637
66
412
596
406
235
962
939
254
516
697
935
117
75
82
582
754
363
202
86
502
167
995
843
660
749
154
655
985
947
299
550
667
886
817
781
454
997
1021
893
332
1008
1011
869
307
860
274
181
1002
238
387
581
645
785
275
427
345
35
424
971
679
615
619
570
959
416
733
926
378
428
716
381
883
265
399
657
111
848
99
839
79
902
933
725
514
397
636
241
341
352
369
313
281
881
620
10
5
458
750
818
707
328
92
812
954
676
732
353
146
469
669
563
142
208
214
625
33
402
438
319
905
647
312
948
867
212
567
608
400
646
756
351
24
494
670
98
225
1003
419
724
190
922
762
252
944
937
1025
129
495
1022
983
760
1019
506
297
601
97
555
25
853
477
978
47
194
282
226
889
975
500
544
199
85
209
623
614
758
133
4
964
150
15
931
522
177
429
862
62
526
738
666
305
414
425
604
460
814
613
294
108
503
712
418
286
396
78
182
633
179
751
52
36
456
727
408
813
685
683
153
1006
156
925
872
941
591
528
287
53
189
761
1004
138
878
897
951
916
207
1016
278
120
288
304
703
521
309
877
711
2
39
272
122
105
262
431
322
958
187
203
775
834
106
188
597
61
217
530
58
735
346
713
463
497
421
172
169
452
168
362
786
372
434
113
801
73
624
125
875
64
663
196
285
930
828
206
949
251
890
50
242
323
258
233
779
970
871
204
543
822
326
568
224
102
1029
219
918
650
621
821
701
131
130
148
640
466
723
556
455
607
42
479
284
26
255
740
968
989
6
1020
445
482
523
824
795
14
457
388
510
653
376
465
644
118
809
107
585
234
276
