689
574
98
268
140
58
875
465
606
894
138
102
615
587
503
311
904
779
70
819
375
131
747
321
600
799
133
346
770
155
721
514
278
996
435
32
21
1015
942
862
105
291
556
22
611
681
444
31
450
664
113
125
1010
722
569
668
340
457
872
434
426
427
152
341
1008
750
643
212
35
912
935
730
994
270
580
362
1025
629
288
891
577
776
194
645
282
319
839
51
929
815
573
867
297
26
139
612
201
27
242
479
472
931
37
227
203
41
644
897
366
93
114
384
295
593
181
345
380
248
744
520
763
6
379
195
670
428
1027
1011
619
463
284
36
903
614
240
866
961
173
859
65
488
827
275
646
708
377
1000
47
955
735
821
315
176
934
818
534
523
147
85
441
354
637
662
575
944
317
601
913
342
369
91
18
877
966
544
49
510
387
889
596
502
14
245
563
153
951
285
787
873
594
568
794
199
12
557
249
29
723
253
950
749
925
421
505
564
39
94
7
898
883
864
237
507
581
48
671
977
59
675
241
222
252
452
89
870
513
622
624
696
55
183
442
553
86
940
774
170
123
439
656
97
592
224
438
208
597
399
266
634
687
916
499
99
957
243
1021
657
635
329
180
233
991
406
788
895
218
462
884
880
290
623
947
781
489
500
896
19
992
110
918
45
948
945
494
276
185
1019
142
223
620
702
220
713
251
175
552
367
753
304
761
339
443
1020
650
299
902
30
256
166
595
829
3
736
440
791
988
264
178
710
522
437
9
790
987
313
543
798
998
652
983
187
919
464
414
157
310
924
571
10
1023
993
651
470
716
372
516
946
846
136
518
885
149
572
331
449
259
231
182
899
914
156
733
360
515
655
382
129
15
795
134
625
688
824
669
856
226
446
289
349
358
172
771
949
179
584
371
1022
177
403
404
127
930
232
809
527
474
701
807
101
265
359
613
328
958
969
549
62
525
772
378
453
13
67
539
385
855
828
78
370
24
683
174
300
583
486
698
296
636
973
667
17
386
318
542
642
639
225
144
458
292
397
1006
76
77
236
605
405
666
314
481
82
480
229
780
306
835
578
648
374
4
451
845
715
1018
215
11
165
109
466
512
506
805
324
938
410
537
524
665
990
892
308
728
727
508
429
801
789
235
333
760
672
842
640
197
531
302
286
219
532
501
1013
530
184
882
850
535
205
473
301
616
257
415
210
361
148
603
112
336
281
72
273
631
984
965
168
709
731
247
334
915
817
742
1003
911
104
849
985
61
796
724
797
627
558
976
773
66
395
254
822
582
88
529
585
483
806
445
785
784
124
277
492
38
621
832
57
162
778
260
456
661
1026
699
540
802
204
216
746
786
409
528
418
117
567
107
714
734
831
673
536
588
255
357
43
209
853
0
917
115
46
122
1014
565
775
843
497
546
126
1004
60
905
690
758
981
263
103
982
407
838
707
633
200
682
712
495
548
461
719
160
928
312
685
684
748
420
320
607
618
146
923
280
1005
769
956
811
705
44
402
816
1007
400
1012
20
630
74
119
202
425
381
323
64
697
660
161
344
936
649
932
874
732
80
239
412
188
343
820
81
186
337
869
198
562
641
258
365
570
900
737
433
968
468
279
504
493
1017
765
244
674
398
460
704
1
56
844
118
448
890
430
663
954
476
608
926
213
150
394
363
852
695
764
718
766
554
959
491
943
538
858
590
509
490
768
986
762
411
767
679
469
238
848
303
487
53
211
417
933
190
777
999
591
34
246
847
893
120
974
335
887
1028
389
467
906
551
423
803
92
163
726
720
978
1029
901
863
396
322
555
840
63
971
250
477
678
471
498
352
383
868
459
401
738
121
706
106
68
298
881
576
332
979
559
654
189
756
700
653
751
876
128
108
837
997
830
87
52
8
922
159
33
967
725
23
309
755
729
90
964
1002
970
111
980
533
141
351
693
96
825
294
963
75
392
419
995
792
545
711
519
833
800
638
116
145
686
589
1016
632
16
659
782
1024
478
326
910
604
79
271
391
338
834
691
267
408
857
759
143
347
40
886
511
50
132
550
745
860
717
586
355
83
424
865
647
740
327
373
234
293
95
390
100
937
804
447
84
164
703
1001
73
677
158
5
680
609
879
137
167
989
482
920
228
221
422
217
907
626
939
350
1009
953
599
