1005
524
294
424
566
978
19
247
887
857
561
811
791
337
695
82
642
991
622
326
521
829
252
508
592
706
797
802
900
923
33
301
532
969
639
196
436
144
490
241
567
809
329
267
856
40
462
805
268
83
624
614
586
269
1020
523
789
818
904
799
585
73
450
745
289
197
63
147
815
747
99
825
174
290
320
433
27
117
187
44
630
355
673
954
626
382
14
317
68
637
822
316
176
113
565
770
662
273
8
518
258
203
705
974
205
363
321
334
569
475
842
769
924
651
170
401
469
133
882
741
854
505
108
572
888
287
633
377
958
365
9
264
657
647
513
86
653
224
233
188
281
218
253
571
719
858
157
998
228
507
971
155
417
127
280
199
823
849
711
15
313
955
20
660
146
804
813
288
694
1015
1006
563
921
996
860
795
271
676
635
454
22
838
67
90
226
734
992
519
193
402
913
824
613
729
479
852
116
942
110
447
912
892
760
810
270
935
828
277
232
138
883
800
143
478
817
742
214
414
866
118
970
300
517
1001
601
859
751
903
843
415
724
692
245
684
349
398
952
591
975
466
973
688
95
72
114
57
464
700
431
236
10
425
208
492
945
928
707
655
192
211
97
628
306
221
853
128
944
50
395
590
343
244
539
902
559
453
777
124
312
254
1018
361
984
120
413
748
743
545
938
713
322
461
683
911
875
386
879
66
581
167
703
126
775
909
473
934
354
665
419
305
895
855
964
463
790
29
31
610
890
409
439
608
1017
721
546
697
871
166
308
373
851
352
217
759
782
180
675
779
541
441
125
501
547
327
792
480
229
698
786
41
699
318
1007
564
704
204
293
145
136
272
455
752
262
302
184
881
152
1026
115
836
165
772
286
643
164
5
1003
652
310
522
1023
701
372
278
319
982
135
470
219
121
411
783
874
137
1014
198
808
142
689
429
784
896
638
51
410
558
494
997
482
993
679
910
465
335
583
827
668
235
776
929
340
315
620
930
957
666
299
345
877
106
731
49
223
617
832
661
773
654
396
285
746
509
87
393
210
225
21
388
240
353
323
994
39
737
1021
141
495
2
161
408
693
238
331
213
338
163
919
62
529
796
105
186
941
899
512
43
379
459
681
778
611
295
432
173
36
88
577
767
891
84
876
646
869
65
497
412
387
830
496
35
348
999
504
1010
89
452
714
960
360
538
468
292
356
6
533
738
100
314
576
864
169
1012
588
158
616
736
1009
55
194
863
104
758
927
690
550
344
98
686
530
266
995
263
333
873
207
366
242
787
16
780
868
34
732
762
149
390
59
718
380
840
798
131
162
980
979
336
644
488
965
111
23
407
472
636
648
378
886
259
831
443
898
102
150
191
627
132
768
730
26
1029
968
375
618
926
257
37
917
548
987
820
544
3
298
103
367
771
154
728
265
58
309
392
669
484
629
376
682
785
845
261
1004
936
190
753
766
716
667
399
723
1002
755
552
239
451
311
543
658
947
416
990
656
841
765
383
391
107
988
13
156
556
119
249
1
160
227
801
889
200
307
609
32
749
446
42
579
678
346
598
837
1008
757
341
1000
861
434
248
659
725
220
56
168
740
754
255
516
109
487
834
803
562
234
625
1011
172
123
691
584
24
946
989
370
400
358
11
793
182
359
687
603
209
794
275
328
69
570
806
553
826
139
489
833
428
674
937
640
677
476
605
371
925
593
189
493
865
981
284
389
1022
950
814
696
498
870
506
596
685
324
420
134
1016
560
185
279
525
437
330
7
230
177
606
256
151
587
94
551
362
535
467
92
966
297
835
542
821
195
844
85
457
915
574
53
848
74
511
449
774
712
536
458
615
573
575
93
514
112
385
179
510
884
867
850
920
1013
12
91
222
181
862
282
250
623
404
949
914
440
477
4
435
1019
60
750
788
943
418
619
129
893
520
75
839
986
744
357
540
983
612
503
537
171
589
0
906
28
81
727
1024
897
96
908
71
45
374
70
549
939
956
650
423
594
485
880
554
953
933
260
381
456
483
481
807
709
670
872
621
500
1027
582
641
216
80
597
645
812
304
602
967
122
680
595
528
48
1025
951
38
961
555
922
502
212
599
25
444
153
442
557
963
720
201
531
422
350
527
175
231
276
251
717
460
756
526
604
1028
663
634
405
534
183
