113
776
736
786
316
429
402
441
600
878
419
709
26
489
626
930
932
470
254
624
245
53
308
173
458
13
881
430
775
155
482
364
198
1027
44
289
673
618
268
84
801
865
695
131
70
234
492
563
82
166
794
454
849
833
748
836
65
1011
1024
344
729
333
498
235
998
464
658
52
1025
819
716
681
859
319
1005
564
907
947
616
436
992
128
74
528
694
258
757
524
829
629
711
336
200
1018
79
176
371
703
149
154
280
790
568
689
178
67
432
117
941
961
900
979
297
806
202
293
912
536
767
179
601
1012
676
751
551
885
462
222
780
1000
315
526
183
349
813
455
777
764
425
265
627
350
749
488
158
779
378
769
986
893
55
125
476
424
120
404
218
552
534
109
857
520
491
802
380
856
724
494
132
73
366
768
206
560
119
927
962
928
275
693
170
530
506
400
456
369
1010
18
745
589
669
609
841
884
304
343
177
713
581
272
887
818
668
452
197
493
636
888
935
704
983
518
6
876
909
531
220
770
479
396
517
1022
667
318
244
59
263
473
984
903
379
570
164
632
958
929
980
348
952
614
286
401
799
730
133
708
460
497
969
292
880
965
199
71
612
499
182
144
279
442
931
593
137
513
474
597
415
407
0
698
187
514
991
738
23
810
650
36
938
1016
914
421
515
666
863
575
754
596
851
260
270
543
339
599
39
69
814
443
309
306
135
347
439
161
762
214
782
480
359
282
374
8
431
953
180
604
163
446
592
56
823
108
660
240
118
580
449
937
9
353
883
898
848
982
406
107
469
792
370
812
10
663
644
157
824
554
911
523
822
582
259
111
93
341
547
78
403
165
598
670
505
603
558
398
412
40
1021
973
136
671
14
246
204
211
127
908
383
621
208
631
219
735
64
692
817
760
216
28
939
21
307
649
640
641
459
331
734
68
298
191
445
225
910
821
434
855
852
615
989
977
130
866
357
867
303
895
739
209
579
945
860
966
475
897
916
892
899
954
915
826
325
87
522
858
472
1014
525
686
231
511
894
269
566
146
879
503
29
363
38
41
500
313
277
239
426
723
678
171
129
145
167
527
228
416
114
237
435
842
548
91
613
483
687
433
45
697
159
622
509
229
1028
803
586
949
565
411
732
148
733
656
386
2
923
577
831
712
96
142
92
1002
811
34
162
123
151
725
124
390
555
247
399
643
97
376
997
408
110
845
602
785
1001
271
871
294
550
501
750
861
102
224
1019
394
355
190
504
486
839
634
389
121
236
181
781
680
690
60
50
809
875
882
805
645
827
242
576
4
266
731
967
574
1
957
625
417
195
484
126
926
276
633
368
835
539
652
519
233
985
391
302
317
58
465
248
61
281
250
395
535
607
273
321
870
300
274
1017
230
90
141
3
57
516
88
791
11
485
86
940
437
942
546
30
508
174
375
706
76
362
305
284
664
345
657
825
106
655
874
397
721
774
495
372
223
466
27
332
705
392
361
847
75
868
1003
816
987
920
311
996
971
329
578
763
367
100
688
381
559
793
140
696
610
975
186
873
722
707
862
1013
864
428
889
184
169
1026
360
1029
933
324
477
310
956
807
457
677
728
701
850
674
156
147
327
384
999
761
262
427
654
20
710
901
256
264
112
955
727
81
296
637
970
253
249
587
521
619
447
267
533
7
352
342
334
189
42
771
588
653
62
99
772
47
719
561
758
964
744
815
365
438
1006
679
243
287
450
691
798
759
152
291
83
94
540
545
913
765
201
642
988
778
951
346
617
490
103
571
116
529
726
919
838
85
134
608
337
290
820
773
16
557
31
51
921
63
423
160
175
323
37
385
283
301
562
737
905
1023
784
299
994
89
1020
591
213
651
742
19
185
541
143
24
630
584
405
846
834
295
33
217
715
886
685
720
101
936
943
795
968
714
796
153
95
312
585
672
257
1008
896
487
804
837
662
747
583
451
717
783
221
413
743
351
567
537
830
25
238
946
665
410
904
960
444
320
699
54
17
12
925
906
740
755
549
917
382
203
388
448
168
995
569
252
232
510
843
104
478
963
1009
950
647
139
661
373
1004
422
683
192
80
944
924
978
993
330
948
718
934
468
278
22
241
682
288
409
611
496
746
1015
844
638
453
354
440
188
77
620
974
285
659
789
918
338
