472
156
222
275
476
837
900
571
214
889
129
758
45
647
644
323
731
467
191
11
556
734
605
745
489
701
789
763
13
724
163
748
808
127
125
49
140
984
573
19
703
807
565
400
851
117
161
322
948
170
863
481
247
907
431
631
397
981
460
479
155
999
242
820
822
491
186
152
60
116
667
727
437
158
421
167
303
83
475
538
264
923
188
159
937
387
652
43
579
456
625
70
249
577
378
453
329
996
95
529
196
857
501
364
825
750
375
185
935
536
949
969
794
228
656
464
157
98
933
17
854
53
29
59
533
282
288
669
220
28
951
704
494
554
673
468
729
213
241
87
365
845
193
520
791
374
926
718
962
732
244
885
721
219
550
614
683
515
535
598
840
510
645
940
238
165
512
319
266
742
154
639
544
270
694
963
373
632
870
261
588
480
677
56
539
874
504
74
388
402
178
447
783
932
693
809
452
1019
699
604
148
18
427
876
1005
232
174
22
396
635
139
215
78
67
150
966
922
952
144
782
20
839
811
595
760
553
85
990
961
42
252
369
126
226
449
189
634
853
552
166
173
972
386
1
587
368
381
209
395
424
1020
530
426
450
338
417
518
258
936
707
685
754
457
290
525
680
901
989
357
281
33
493
967
394
706
861
383
697
292
442
915
234
352
690
248
483
153
300
461
55
358
938
21
730
928
477
106
507
250
793
902
956
263
346
687
531
903
0
597
709
30
585
64
746
682
500
603
359
75
299
790
670
591
1028
1016
265
145
927
279
96
862
12
696
749
482
650
172
997
354
833
1022
69
797
54
766
609
543
393
459
314
407
446
643
38
576
698
77
1026
14
227
1015
251
640
570
336
551
684
788
313
767
458
549
218
1000
796
888
679
855
834
306
768
255
331
200
339
638
115
39
506
474
80
875
723
798
700
780
821
246
621
37
942
509
305
516
945
304
958
590
691
52
522
142
728
712
858
817
759
484
110
302
1017
828
537
957
805
916
2
611
511
415
503
761
762
112
136
310
800
208
434
212
301
440
121
463
692
608
777
921
344
1004
404
146
710
804
236
1007
847
657
769
619
367
713
665
6
960
392
944
123
291
233
366
883
654
372
438
230
846
717
276
436
775
1023
280
567
1011
924
36
260
898
362
886
947
545
102
377
35
532
182
107
505
827
569
350
917
819
61
674
183
184
596
868
722
499
486
831
296
578
642
606
939
975
646
361
66
663
561
380
88
1013
221
787
130
211
514
566
1006
44
198
965
204
1025
307
63
308
243
334
799
229
443
10
430
918
162
48
992
795
678
24
873
586
207
327
58
581
636
432
490
736
97
574
974
946
237
195
498
541
111
930
737
277
205
349
613
429
286
7
616
175
757
201
376
199
517
890
390
954
311
546
406
315
283
676
91
180
629
995
149
99
1009
628
904
147
309
445
648
664
943
877
143
108
627
779
741
497
411
626
781
572
298
593
47
894
633
985
823
409
813
681
651
26
423
495
391
41
765
355
950
408
328
548
420
253
181
971
592
224
488
778
615
756
733
168
231
705
262
72
959
814
216
612
602
318
725
389
131
806
137
803
202
755
268
104
893
448
630
594
413
1027
774
109
425
1024
190
649
879
133
317
235
526
27
114
658
747
752
953
906
1001
134
82
920
297
293
57
363
662
785
176
5
508
414
73
379
65
830
93
849
711
454
801
719
455
23
348
810
25
120
892
92
887
324
838
841
661
866
210
562
880
702
968
422
332
330
899
659
335
816
1012
245
259
343
94
89
68
197
895
905
660
113
337
560
641
418
345
519
911
470
105
637
347
295
401
666
523
867
983
71
240
267
977
492
86
1014
925
521
675
370
274
285
688
540
269
90
743
50
360
1008
584
618
385
859
850
558
46
872
79
1003
451
119
575
101
955
371
84
3
829
187
716
40
751
881
599
326
513
462
441
672
177
914
333
118
294
735
988
891
836
563
103
835
340
194
412
171
321
278
528
878
832
919
384
1021
341
929
980
469
715
496
601
342
320
473
439
192
502
991
527
164
284
802
76
471
941
708
34
653
1002
435
908
356
223
978
16
257
51
225
689
848
203
720
15
738
287
607
433
141
239
668
405
744
557
897
169
1010
138
695
852
4
273
316
655
812
934
444
1029
970
272
485
81
