975
430
782
82
519
573
313
517
464
258
165
109
242
618
167
680
505
837
977
208
384
300
863
352
197
624
214
650
968
181
184
965
248
577
929
11
77
713
945
765
699
829
58
322
967
256
57
872
647
609
869
743
935
545
840
834
547
892
556
907
359
709
23
634
69
176
59
562
130
891
698
597
922
431
525
980
760
798
4
146
917
294
134
429
920
656
103
395
875
152
370
443
148
1007
259
843
215
66
164
41
521
405
86
481
328
822
158
683
394
143
85
288
364
939
1005
376
479
161
646
156
888
183
3
141
407
78
460
229
719
851
612
776
914
1018
470
44
54
17
393
95
154
122
435
222
282
200
397
433
675
127
903
687
836
298
856
595
614
126
478
472
285
457
351
385
933
867
43
915
952
764
665
339
204
540
199
378
887
260
950
36
175
321
1001
203
463
117
584
629
551
841
28
337
74
909
1029
341
31
138
518
973
557
318
65
440
436
201
959
552
94
559
548
462
908
26
946
45
369
1013
488
1021
941
503
192
329
454
510
30
963
380
113
61
998
996
626
565
390
558
301
306
912
1024
360
63
974
635
677
168
96
686
445
672
673
224
414
723
308
853
105
648
585
297
1003
628
189
571
741
330
616
333
752
858
606
319
340
850
819
353
810
355
881
639
999
561
797
196
437
800
144
453
6
1017
944
49
458
664
971
895
787
135
34
283
266
991
191
446
361
438
943
304
269
857
563
198
642
708
284
231
722
53
779
51
46
494
209
730
726
623
596
520
801
886
736
652
742
668
653
374
622
981
220
20
731
118
132
104
953
153
287
885
163
35
68
212
566
594
990
76
894
399
225
477
924
434
762
72
781
129
631
492
48
1008
317
845
162
33
560
844
362
29
527
468
177
549
775
603
91
499
471
387
110
239
334
780
658
475
1014
578
1019
182
715
39
611
654
456
746
608
528
216
581
702
692
910
600
657
80
398
839
770
688
326
367
993
55
119
150
808
195
240
5
569
493
874
930
956
817
241
312
589
838
257
703
864
811
593
934
735
898
613
890
1016
530
500
877
567
276
607
795
498
793
767
727
290
812
951
667
575
729
802
307
721
637
455
450
768
64
15
377
324
502
316
816
630
469
490
83
870
832
901
392
824
476
744
226
289
992
403
314
848
350
792
426
542
47
696
854
690
997
554
67
896
261
880
978
861
931
732
10
541
790
598
576
296
32
281
133
235
219
986
763
236
833
564
632
911
897
638
827
809
19
526
842
342
923
568
828
546
759
524
217
948
185
38
789
587
988
358
749
640
728
601
250
73
555
761
111
264
418
684
210
985
942
389
583
382
254
391
427
813
9
140
428
1028
243
1022
441
174
750
591
855
480
100
661
346
636
343
402
272
508
1011
814
252
1012
871
106
889
97
99
279
610
921
52
866
972
644
989
932
315
142
409
373
489
211
516
1010
773
247
14
815
747
919
348
474
108
375
783
820
691
325
879
102
447
482
756
379
643
805
120
745
491
1009
101
413
755
663
504
529
707
785
186
766
357
24
512
705
681
1023
309
960
523
202
293
794
178
155
331
193
7
717
218
964
1000
553
823
807
955
114
305
275
799
936
496
852
221
420
678
13
406
599
701
513
442
205
233
883
966
1
522
92
1025
592
338
831
788
320
265
769
286
982
425
410
514
803
302
486
579
777
50
976
847
641
659
136
893
937
995
116
107
485
466
344
772
724
582
725
171
507
271
396
421
497
590
605
237
180
121
223
669
459
483
739
424
1006
619
249
1002
273
467
689
1026
876
784
88
160
310
40
846
531
987
206
84
1004
89
388
280
246
255
244
159
751
538
415
213
416
495
748
345
79
299
586
588
473
884
145
786
621
8
139
651
173
93
70
685
693
859
511
169
711
949
419
179
123
645
740
532
262
970
274
825
365
710
580
962
401
737
267
958
335
432
1020
899
913
539
720
295
927
501
570
81
774
633
878
444
604
821
938
509
830
572
694
806
336
62
449
227
543
12
484
925
386
60
128
904
2
381
291
534
263
347
487
137
238
172
22
660
905
983
627
147
947
670
754
461
649
704
21
251
979
738
412
451
90
0
75
270
676
682
452
969
439
188
323
506
961
860
149
679
372
926
277
674
27
697
278
535
771
804
695
