559
997
746
721
134
66
700
808
69
130
267
239
222
778
183
431
824
433
386
53
351
90
367
720
502
427
732
686
606
268
841
927
503
908
361
851
224
349
648
775
992
615
680
507
119
925
857
489
231
250
904
829
21
921
50
208
902
931
1026
25
126
185
620
979
176
102
417
118
679
790
909
557
889
661
17
676
553
439
654
1009
707
744
141
568
213
697
340
972
99
630
1020
342
312
786
644
685
105
594
370
801
135
960
584
888
731
305
401
920
173
274
864
783
95
460
92
191
535
910
160
47
246
633
450
457
473
674
623
956
204
303
539
953
533
567
579
379
358
325
831
273
242
591
664
874
248
863
476
220
137
675
869
516
554
297
791
317
97
486
188
32
522
128
991
444
754
906
916
402
911
626
601
703
879
631
854
9
598
363
458
245
670
116
989
969
299
456
614
811
938
688
330
1010
428
884
858
523
541
329
14
792
867
628
96
280
577
599
871
663
157
817
660
649
364
885
589
928
295
318
260
55
307
446
788
860
706
281
73
472
570
466
585
907
86
658
645
169
613
555
373
254
206
374
255
449
320
862
558
365
747
425
740
586
617
257
723
667
639
490
18
493
785
1023
249
106
322
877
954
33
713
843
149
612
347
912
323
93
80
922
827
819
336
452
787
748
762
244
150
396
893
547
761
946
913
233
944
887
958
136
60
1002
1004
531
311
108
878
573
42
177
113
16
767
812
406
935
514
949
324
74
753
6
519
534
826
544
343
537
91
527
121
390
144
828
419
999
709
163
234
891
772
87
175
275
228
434
666
545
769
809
360
627
63
212
139
813
403
230
104
316
304
1027
146
943
853
719
695
37
729
919
758
214
962
571
659
525
1003
115
1005
987
777
866
217
532
980
189
513
966
64
603
977
823
276
154
898
506
782
985
968
780
1000
155
385
973
543
430
454
310
759
939
794
511
924
48
251
651
27
408
187
868
133
262
833
932
309
455
429
441
382
286
556
100
710
799
51
895
3
111
652
0
820
88
873
243
2
978
726
142
607
905
211
123
296
112
625
771
420
207
600
226
965
404
82
856
621
816
981
355
1016
20
447
766
608
291
171
271
1001
681
298
640
197
210
289
198
548
122
288
976
76
127
23
975
180
848
839
1028
166
477
186
896
805
132
800
352
190
195
508
942
35
821
733
518
179
814
802
1011
538
279
838
423
201
345
671
70
678
957
380
411
145
58
24
383
333
933
768
899
727
702
357
131
575
469
705
892
604
677
415
398
151
597
28
1017
107
616
926
795
389
252
199
807
1018
202
22
36
757
635
300
724
436
647
634
182
377
755
1022
72
986
335
424
637
470
847
930
94
461
797
840
996
209
313
67
581
294
174
694
487
781
655
1007
760
964
770
653
798
375
371
485
59
751
784
574
774
278
752
673
218
31
929
914
500
376
834
793
546
232
590
764
875
773
283
12
789
178
512
413
510
804
550
940
716
192
348
414
328
353
405
272
216
158
1008
321
147
988
1013
480
263
84
580
865
366
876
565
886
437
341
138
1025
734
253
497
247
384
227
832
117
536
77
159
951
728
10
552
619
959
421
314
44
529
26
120
462
435
849
714
238
588
7
337
109
880
901
315
219
282
235
837
952
917
193
602
399
422
284
45
416
610
392
749
730
560
696
494
656
725
478
350
256
756
897
78
196
844
1019
57
464
961
438
894
13
528
1024
970
308
387
872
68
668
468
974
672
750
11
712
496
596
236
344
509
49
241
1006
776
520
947
595
562
221
572
52
722
918
934
170
319
61
822
164
451
948
394
165
338
708
168
517
583
993
381
738
98
582
982
339
442
542
963
1
369
657
669
643
641
203
593
38
569
269
290
479
200
103
883
622
266
327
184
334
743
71
393
46
803
395
587
984
167
400
540
259
900
62
737
715
636
605
683
836
835
34
75
418
372
225
745
4
162
264
629
563
205
148
40
690
684
971
1014
1015
482
662
861
806
526
995
459
665
1021
825
240
346
292
735
578
277
475
937
15
410
41
65
689
453
945
258
481
302
448
632
717
43
1029
331
194
846
223
465
704
83
492
983
549
29
950
143
265
521
161
692
955
890
941
140
181
368
229
388
524
495
646
359
815
650
642
638
215
326
362
693
463
624
