580
282
808
199
534
1028
916
1027
251
493
849
77
1006
952
79
88
590
597
4
885
524
687
957
656
945
538
270
558
520
632
844
308
476
505
125
432
889
212
254
846
587
719
203
380
862
167
722
52
58
926
998
873
243
329
110
894
372
229
947
385
23
71
472
438
1002
293
744
953
655
713
586
313
584
941
112
80
581
177
915
1021
568
274
3
1001
351
1000
804
228
601
964
495
683
348
25
186
176
57
196
48
268
468
120
156
1023
26
241
797
374
571
778
898
461
735
358
886
802
1029
318
799
970
901
851
617
693
1010
166
47
269
95
131
875
89
108
669
261
991
909
408
578
295
144
34
278
728
159
837
815
788
714
790
154
695
178
525
192
335
132
795
874
668
430
143
640
690
233
786
543
961
958
709
377
552
70
557
501
684
181
563
51
0
306
1007
418
698
200
754
732
97
773
726
648
169
45
215
985
528
365
1020
707
238
69
522
277
918
307
978
922
320
62
759
350
607
452
706
305
566
627
842
427
332
486
392
364
267
794
618
17
841
193
271
403
595
327
508
890
723
662
294
266
423
303
817
682
371
867
373
613
665
967
750
250
191
1018
382
615
84
406
165
823
283
772
519
1004
359
141
444
354
798
441
258
591
287
659
696
163
187
762
515
55
138
202
780
999
127
907
937
777
988
980
479
27
334
29
960
148
41
53
703
290
959
301
857
361
977
850
942
168
746
752
833
805
812
541
397
995
680
546
150
454
106
861
637
906
756
548
49
240
547
976
393
157
614
1026
908
939
264
699
608
260
686
631
9
946
173
770
42
621
498
796
455
767
443
807
235
319
927
769
466
650
434
689
570
950
189
273
921
22
440
708
257
161
339
865
702
139
262
785
697
207
367
987
516
457
990
829
973
565
174
123
16
478
428
312
68
142
635
73
160
399
253
616
911
14
100
467
180
422
809
362
152
730
783
94
1003
879
692
724
824
225
433
30
717
839
302
888
700
21
499
342
679
932
375
149
448
567
179
198
1012
369
925
383
859
415
582
101
877
716
826
910
504
688
860
259
107
535
644
866
660
65
551
447
417
111
781
255
633
694
652
674
484
256
205
98
194
549
356
972
496
929
477
410
904
902
340
676
137
657
658
639
821
420
459
711
868
396
431
475
395
59
10
122
739
506
512
54
838
643
330
544
816
760
881
562
968
109
965
333
360
328
489
1014
819
646
463
1017
757
43
419
206
743
491
114
230
404
384
492
822
647
928
298
1
24
775
858
1008
284
982
934
625
7
184
464
347
981
611
15
388
527
366
291
509
667
518
710
376
309
569
78
343
435
66
803
924
357
1016
523
609
951
704
974
248
943
276
185
536
712
113
231
236
653
825
272
86
526
471
992
407
626
938
989
44
299
483
628
979
892
370
876
13
130
749
6
540
297
727
102
550
378
75
511
5
634
836
685
917
494
158
619
279
517
761
623
598
887
424
994
85
355
67
239
996
338
183
564
391
292
481
451
870
437
507
211
845
940
806
503
353
103
1005
678
1011
740
502
20
782
720
426
324
462
76
171
933
919
532
412
603
246
470
126
636
208
90
983
488
514
116
664
482
436
751
247
832
18
612
128
175
474
218
715
675
99
935
533
605
966
336
606
589
610
480
779
217
738
93
638
172
671
856
602
405
164
670
572
734
649
442
381
237
162
145
500
190
763
74
575
33
971
105
545
663
413
792
285
224
718
1013
955
209
322
529
975
986
872
445
579
900
249
449
485
771
920
742
317
903
834
50
914
814
588
673
984
316
453
323
721
813
400
559
1022
92
87
962
368
280
776
556
331
465
210
37
221
1009
220
398
828
140
661
421
28
56
748
46
936
346
222
576
871
352
72
624
349
32
599
766
583
573
948
944
884
325
310
768
341
124
96
321
949
401
227
195
81
219
344
315
853
863
539
530
300
409
555
893
64
263
577
818
82
789
104
725
135
729
560
878
600
883
36
265
490
954
622
394
275
155
620
244
416
840
784
537
31
411
969
554
561
811
117
83
38
553
585
753
242
891
232
645
296
234
677
147
642
19
764
594
133
831
11
314
774
456
847
2
736
61
363
425
521
604
997
134
820
843
414
91
201
513
854
497
737
733
446
672
40
681
827
691
574
