791
298
152
369
804
284
455
53
397
119
974
928
727
19
328
922
374
924
909
419
550
2
672
883
610
132
134
277
889
590
773
208
287
891
192
978
547
718
297
918
122
588
823
760
3
285
855
913
999
96
795
268
79
919
250
25
555
206
652
52
499
769
608
661
344
614
600
183
540
716
932
190
47
734
199
935
125
401
282
806
239
162
775
347
1021
847
782
291
349
93
351
408
377
843
107
992
825
482
121
921
442
40
418
378
148
393
873
158
996
745
518
12
984
902
28
915
759
816
95
293
753
787
111
1
167
983
86
762
331
908
833
725
905
246
1006
216
539
651
130
510
933
292
872
598
897
196
682
358
937
245
831
826
800
818
82
428
761
585
253
509
35
680
789
320
165
189
263
24
41
849
829
587
957
726
544
59
824
260
656
389
871
67
193
691
427
438
302
737
748
899
43
616
118
102
594
305
22
145
951
205
467
575
758
17
895
209
105
449
814
29
621
949
650
862
497
115
794
339
582
522
664
828
114
174
464
380
632
5
859
584
451
161
982
234
461
701
304
201
732
186
730
997
820
1025
469
693
548
991
103
128
668
319
694
812
987
98
887
383
325
51
749
364
55
1015
243
707
912
768
382
868
33
676
294
703
1024
592
91
605
83
793
944
1013
699
182
939
783
845
508
647
255
713
220
981
30
625
877
368
275
739
462
867
399
321
108
367
840
704
1003
65
381
100
99
483
248
692
936
930
874
958
563
75
272
6
757
586
542
848
416
896
171
74
985
852
470
391
1011
607
894
717
280
746
147
222
217
49
465
361
973
133
493
210
1018
214
798
776
42
313
670
566
309
989
659
863
274
241
765
662
631
404
97
477
907
995
660
229
821
611
237
16
238
931
557
898
311
850
571
475
844
535
950
476
487
433
603
38
574
387
8
372
546
431
129
144
39
478
597
295
218
617
459
333
350
530
736
763
573
139
972
861
69
948
528
127
1027
595
235
149
677
638
841
968
929
300
803
85
970
780
864
422
340
71
837
72
330
396
191
735
552
881
733
637
198
403
90
986
728
77
636
286
977
920
875
474
653
893
224
110
533
50
537
698
553
767
743
491
606
188
673
485
512
146
56
212
70
54
946
1016
615
414
187
1023
799
135
641
405
917
113
388
327
262
181
169
525
332
689
502
495
227
790
444
938
131
880
88
851
329
456
524
516
741
112
752
176
385
335
424
479
589
89
400
425
266
299
526
45
63
341
160
153
446
975
947
665
645
839
13
890
710
151
962
473
646
200
0
371
781
731
532
963
744
998
551
432
593
602
436
639
141
345
348
480
706
1002
786
705
394
356
326
256
994
252
366
926
31
21
353
715
836
80
258
81
213
155
785
247
529
695
203
708
233
792
925
960
687
458
1012
914
259
240
7
34
323
696
219
486
466
296
57
412
772
751
599
884
398
228
163
601
334
221
194
838
301
379
498
904
249
417
709
966
979
126
846
1014
609
778
314
796
207
211
273
448
316
1022
577
494
360
140
290
373
628
910
318
934
307
281
722
923
729
242
980
901
517
858
236
175
159
688
878
463
719
264
669
308
267
84
827
73
815
445
1017
527
1005
44
336
180
564
257
854
959
964
265
879
766
813
411
572
576
903
18
226
230
116
251
359
644
870
179
138
27
976
559
666
288
764
26
450
755
306
1026
830
869
61
490
488
156
953
215
14
1029
723
94
856
965
886
681
750
168
511
642
866
503
484
655
390
579
435
667
20
531
801
988
788
32
967
649
437
500
927
10
375
505
117
343
560
142
441
545
686
779
945
363
738
453
523
583
172
810
471
629
835
969
429
742
1007
990
123
324
568
362
244
78
819
515
754
195
507
832
355
860
36
817
312
808
885
613
562
690
770
315
303
164
101
365
489
711
596
549
430
232
624
354
440
76
452
654
23
620
771
87
37
154
657
1028
580
9
457
322
106
223
834
454
310
675
740
376
58
496
714
184
622
940
724
942
534
626
337
865
900
993
971
520
420
104
225
558
702
406
784
136
472
513
120
683
1008
882
177
481
504
952
407
640
807
565
173
591
955
943
204
853
1004
685
663
554
556
756
805
338
170
270
581
357
185
635
961
684
492
797
278
392
346
384
892
150
261
700
178
679
