663
86
680
850
490
1007
678
378
85
662
659
635
558
805
677
24
883
531
112
261
447
194
623
259
113
474
341
866
598
176
874
502
543
216
167
387
441
891
1008
89
514
710
627
708
600
238
619
590
744
766
251
236
862
143
340
603
193
817
273
775
410
565
10
271
732
699
959
587
578
78
912
924
17
375
509
352
822
673
585
637
743
157
450
588
206
207
886
356
51
621
870
264
396
249
371
564
255
749
1026
507
536
277
950
414
653
843
291
397
363
186
332
283
107
965
707
784
960
452
953
457
706
233
73
808
427
325
196
147
890
420
372
383
865
61
250
907
33
594
93
955
199
37
91
528
515
258
916
337
245
412
442
567
322
84
629
540
146
386
977
437
287
377
6
20
799
436
787
597
320
389
95
818
894
305
297
7
99
64
989
882
75
282
709
178
935
174
728
518
811
512
306
654
423
280
646
690
639
644
281
963
74
568
742
722
923
982
472
922
844
133
828
557
183
362
19
1024
304
0
847
625
1012
197
103
554
60
727
426
693
159
131
510
1004
628
624
27
1021
542
215
906
398
446
573
532
757
705
630
411
592
479
461
932
114
552
276
98
342
505
506
833
816
643
979
220
444
121
871
967
312
910
161
1025
248
463
738
535
683
647
418
825
294
54
566
360
615
516
309
917
470
45
538
471
4
221
104
295
888
230
521
166
550
735
726
1
252
547
900
679
944
308
1005
298
13
9
633
527
125
583
957
1009
483
256
241
41
361
163
991
169
379
59
669
116
835
428
145
12
768
596
617
172
752
631
391
497
156
942
438
126
767
136
168
204
485
607
896
820
541
999
704
901
698
661
217
756
591
286
684
289
496
964
1018
324
180
421
606
978
968
345
868
88
431
604
333
511
581
160
737
897
346
269
580
175
400
317
26
674
35
44
845
832
909
108
459
827
740
529
460
83
1017
522
984
675
491
763
227
748
334
150
500
310
758
5
668
455
746
487
649
30
962
292
620
539
651
720
920
72
686
1022
393
189
958
1019
933
792
494
181
998
209
718
1023
171
384
185
385
323
759
1011
81
498
517
263
235
940
795
947
997
645
464
711
861
599
670
71
656
836
343
819
762
755
254
736
701
465
806
694
667
804
634
11
562
198
676
38
327
390
430
22
270
225
980
878
695
488
394
983
915
348
39
43
409
355
87
148
689
503
602
34
402
299
123
1029
218
373
493
570
195
120
777
930
80
142
853
734
524
477
563
765
408
134
128
243
797
501
770
266
135
801
374
303
613
876
354
927
750
908
415
468
751
32
152
138
473
772
611
530
616
626
582
895
67
970
132
205
23
403
786
815
975
70
288
137
425
49
577
405
981
859
773
106
855
812
173
534
165
326
789
58
448
880
311
357
21
553
111
666
381
864
434
779
102
798
285
330
860
267
213
226
519
830
1006
424
725
774
926
429
796
803
586
996
556
857
366
872
873
200
956
392
15
3
101
899
771
53
974
973
892
838
954
76
48
8
36
367
867
520
223
729
681
246
237
848
154
713
335
484
559
79
301
761
1020
571
648
721
790
124
162
253
300
495
122
523
187
100
486
687
546
610
800
401
595
993
548
242
202
406
614
349
56
445
82
986
234
636
1010
826
481
369
672
513
422
68
943
31
837
219
489
971
688
239
716
593
911
376
692
665
129
821
18
987
339
724
972
994
1000
793
1027
925
846
316
985
887
869
262
655
462
612
293
745
741
365
433
260
307
544
328
574
545
417
863
948
664
714
28
589
351
1015
318
802
454
898
884
164
40
572
747
753
228
921
229
63
275
177
127
284
934
526
657
268
966
315
118
347
783
652
499
938
439
492
584
314
482
413
951
703
55
212
697
885
988
879
730
46
451
858
478
813
931
831
443
331
96
840
549
69
638
188
358
671
350
208
466
990
2
700
336
62
834
192
382
785
290
781
939
842
179
717
458
952
344
575
388
338
404
115
829
937
525
504
65
764
319
110
685
918
25
605
791
856
210
272
903
155
467
928
380
140
807
902
66
641
682
119
1013
533
321
608
723
881
576
77
731
945
399
622
941
353
1002
449
1001
914
849
469
733
247
395
1016
224
995
453
480
560
824
117
416
184
231
904
877
754
618
823
780
809
712
201
788
16
650
