509
801
830
292
903
1009
893
695
845
23
390
701
191
787
118
285
294
780
874
613
89
224
520
997
581
792
1001
497
24
594
109
433
785
882
699
104
73
547
834
923
243
561
59
976
407
387
350
738
443
200
740
140
714
995
419
170
558
246
320
512
49
739
867
641
825
1023
1012
65
560
579
9
528
341
959
691
707
535
536
518
836
311
887
953
465
828
103
133
715
839
185
391
273
181
709
626
784
343
752
344
957
437
634
962
212
1014
41
750
295
1000
125
47
2
72
16
523
1013
788
811
591
619
40
238
230
583
355
250
920
377
618
486
1016
924
369
52
941
690
129
516
1003
565
468
323
731
741
795
11
542
150
46
778
948
907
302
650
609
922
632
174
732
146
113
415
25
231
625
477
479
786
141
427
983
397
179
267
988
636
12
522
968
506
552
577
361
841
97
890
131
142
219
921
592
555
207
850
225
702
718
569
621
378
83
82
821
813
610
505
557
424
334
300
401
255
575
658
984
838
840
863
861
175
242
857
483
910
328
223
684
204
110
940
8
680
448
719
576
614
180
584
461
102
260
612
160
502
970
554
226
354
873
301
236
383
960
117
405
210
925
69
895
60
933
13
596
860
4
627
585
422
253
208
937
54
938
737
799
934
826
244
776
324
847
289
889
271
84
745
1
546
456
510
754
800
162
532
178
1019
36
239
946
881
804
783
356
883
494
410
493
256
379
744
268
638
332
603
927
570
299
648
211
664
644
647
335
55
514
814
85
149
440
183
135
965
835
531
567
810
1018
473
601
431
677
848
290
897
624
675
143
782
452
464
222
463
480
159
749
1022
692
227
221
100
7
79
866
474
832
935
362
460
990
674
27
432
1025
971
336
48
197
628
5
775
660
214
187
885
395
548
228
413
541
209
698
337
400
958
416
349
517
29
511
757
623
994
679
277
1029
727
1002
392
263
163
944
748
77
164
126
722
908
964
875
166
423
418
309
530
99
973
747
39
138
781
57
475
269
439
669
44
633
683
900
411
371
265
20
762
459
366
235
173
130
689
972
766
68
730
176
325
617
147
864
806
507
281
137
562
676
430
919
936
458
982
193
154
733
769
92
793
789
525
74
1017
705
169
218
0
854
192
342
914
144
370
98
654
254
809
330
815
996
199
338
492
824
322
15
779
412
384
642
646
969
566
635
81
527
657
966
386
526
974
188
372
304
358
196
14
32
615
35
499
158
381
604
327
891
802
985
124
987
165
257
729
326
767
51
753
22
758
833
482
70
425
94
18
871
498
287
1008
476
823
515
817
661
233
713
844
216
194
472
865
777
1005
495
735
578
462
504
846
595
978
215
655
534
66
888
56
687
389
258
682
428
879
540
317
926
364
725
278
21
305
408
17
773
724
631
43
445
1021
206
524
203
314
388
686
37
872
771
943
573
986
529
763
88
385
485
441
807
945
240
952
831
852
851
853
471
880
306
551
975
611
508
663
172
963
899
345
357
282
421
220
241
351
182
64
457
95
537
367
202
564
80
697
303
108
34
859
53
71
283
728
519
442
563
931
347
139
10
339
670
630
645
446
234
662
803
913
76
721
190
553
50
580
1026
436
950
764
543
136
672
393
145
184
168
720
353
87
396
434
723
568
489
435
977
1015
447
376
808
333
544
28
1024
279
989
755
293
587
842
120
312
639
949
156
761
454
360
533
1006
734
629
121
31
549
694
470
906
712
862
905
678
58
796
929
696
979
599
711
967
346
556
262
991
62
308
794
491
955
375
296
980
894
999
820
928
643
291
134
75
161
123
545
157
249
590
119
668
500
774
606
488
586
620
671
904
539
665
33
30
703
939
469
878
892
886
67
659
513
916
582
954
790
912
797
768
829
961
998
365
251
420
688
96
450
93
798
252
115
167
177
653
402
501
280
128
380
232
770
409
700
318
237
765
148
368
481
956
205
275
597
616
909
1004
91
455
805
352
884
930
607
605
152
264
398
467
736
78
38
487
363
559
310
478
538
45
404
195
406
116
667
869
315
942
122
101
651
86
26
284
403
593
466
153
272
656
426
276
1020
451
394
331
127
602
759
622
417
640
274
114
877
726
359
63
248
843
521
288
589
429
588
681
708
444
189
382
171
637
266
822
42
760
