556
302
558
401
145
62
908
96
1001
622
1006
801
677
363
610
600
148
888
381
203
631
573
894
317
108
430
501
514
555
649
816
326
547
321
488
627
653
330
370
772
793
617
384
276
775
807
294
757
461
433
839
901
543
976
709
319
312
289
492
139
291
491
718
296
938
468
309
928
183
516
675
866
241
743
882
806
740
564
829
832
992
721
846
78
168
134
198
800
240
996
768
43
966
890
926
565
599
696
107
222
1026
123
541
366
301
670
754
630
227
180
524
701
692
504
15
854
327
485
657
778
639
152
884
457
796
872
904
682
950
462
886
853
765
913
960
903
921
288
734
36
708
507
136
712
536
416
20
67
979
290
1011
940
656
355
213
314
269
984
715
774
245
348
869
917
823
160
658
609
69
431
616
80
727
934
4
730
150
711
899
281
282
951
724
286
777
694
57
460
993
46
1028
267
787
535
851
845
592
857
878
889
284
809
998
782
166
121
612
629
505
764
527
385
434
415
316
487
455
235
354
420
477
748
867
978
486
336
92
517
413
156
550
797
425
158
943
383
444
178
304
821
942
410
242
480
428
427
367
481
615
784
755
952
947
1015
602
436
405
761
42
824
526
827
16
350
104
762
1000
292
842
980
271
880
915
931
11
345
752
184
618
909
223
868
999
472
478
98
228
537
283
389
691
1008
26
729
586
244
668
619
728
58
582
31
387
252
548
822
859
1025
407
358
263
621
209
475
418
72
663
887
438
973
925
63
113
396
735
17
849
1012
604
594
390
962
391
961
489
545
759
362
584
360
324
518
1016
705
805
944
331
342
351
804
212
372
659
955
231
554
994
949
476
662
181
163
133
161
561
249
935
634
169
208
953
964
0
681
763
939
546
40
858
780
239
471
237
459
786
1029
143
585
51
741
736
689
30
315
945
393
359
50
542
975
698
902
864
102
856
117
818
783
205
93
325
34
127
195
540
335
641
922
686
343
142
977
479
963
22
54
1005
234
862
676
442
376
246
328
873
411
932
332
33
373
469
502
449
747
954
483
191
720
795
1021
570
567
435
510
688
539
74
458
848
593
595
636
219
669
919
47
1024
987
607
664
334
716
313
365
525
60
346
441
590
910
1007
260
147
155
295
644
981
199
172
73
725
661
221
103
611
146
825
693
77
2
243
424
794
278
173
528
923
197
122
971
216
261
995
65
601
402
673
353
1020
248
918
293
812
707
563
450
339
6
395
164
432
746
608
988
912
893
835
876
176
131
643
798
531
126
193
357
655
265
714
300
830
819
379
771
19
967
361
29
333
5
200
392
958
35
380
738
990
802
352
399
695
680
614
120
843
678
297
881
826
285
110
307
149
437
422
855
758
144
623
907
79
549
378
647
522
253
511
874
559
382
580
557
840
371
75
1018
280
182
638
318
974
298
141
196
865
753
726
466
957
506
137
338
879
948
863
129
685
745
637
766
742
833
170
174
465
398
86
521
165
259
704
206
529
814
898
498
562
467
177
665
157
233
667
238
39
414
272
185
453
760
440
128
186
151
920
275
739
49
861
71
52
810
654
28
722
320
273
523
885
323
933
699
883
1003
470
24
788
914
697
877
956
776
153
1009
68
837
924
454
202
124
773
463
596
626
299
906
61
310
175
412
803
81
130
847
929
703
32
105
10
1002
27
254
875
229
937
538
576
790
337
679
597
439
603
53
836
850
552
896
970
1010
262
871
553
515
101
997
813
723
3
635
38
1014
632
274
344
236
59
210
751
106
41
989
792
421
201
713
400
484
264
188
109
666
287
45
930
652
791
464
94
217
224
625
891
140
404
76
519
207
499
660
575
490
482
66
767
192
13
114
589
162
571
831
100
533
493
21
495
159
99
744
356
534
305
560
364
710
218
303
852
578
897
220
417
426
911
613
48
194
645
443
215
341
214
968
841
737
732
512
946
770
55
706
1027
779
572
56
509
646
500
255
154
84
781
187
650
579
374
496
83
941
125
785
12
258
403
684
190
671
406
64
799
377
1017
532
474
838
672
171
14
451
232
9
574
409
583
138
268
983
828
119
91
448
513
70
111
503
769
844
7
116
1
789
605
642
591
1023
815
18
811
719
419
85
892
135
277
683
423
860
89
965
446
834
375
447
279
577
936
