393
986
441
935
922
589
89
731
373
583
85
968
398
920
521
318
427
851
1013
482
800
729
443
313
739
629
26
713
786
683
806
13
730
76
1022
99
138
414
349
504
947
144
641
513
717
430
752
269
616
194
753
219
275
1011
339
563
998
133
257
90
691
286
158
7
932
265
505
552
603
300
87
295
315
899
733
782
374
950
322
284
298
758
487
738
498
516
432
901
276
364
154
467
864
141
617
283
602
682
326
541
566
580
538
598
915
1027
483
43
301
6
805
58
64
302
824
175
649
299
63
319
772
515
466
1018
232
819
429
1028
125
990
850
510
499
233
923
633
653
955
927
558
337
890
450
581
893
811
919
736
226
249
680
625
802
702
992
645
323
781
881
814
189
237
547
619
728
759
646
338
191
346
65
375
32
644
609
455
1021
868
715
161
98
229
624
419
448
462
582
882
470
181
177
281
635
942
721
277
891
712
846
853
111
706
652
80
879
549
924
798
888
951
620
651
77
708
312
628
160
980
242
134
39
188
383
839
796
630
946
551
342
270
56
745
24
835
92
27
225
803
666
104
280
321
960
494
139
354
1014
749
1026
703
744
892
836
369
480
236
867
964
34
948
22
650
969
451
700
108
40
690
999
401
361
770
262
23
930
447
143
537
865
17
292
593
762
452
57
548
168
314
606
259
407
20
841
81
615
304
545
55
885
51
433
197
251
400
594
305
439
679
109
636
971
794
495
382
220
981
723
996
701
461
797
379
126
906
241
911
170
889
411
973
934
33
925
425
766
984
607
434
128
929
173
238
396
285
991
341
982
1008
258
267
1007
15
747
131
70
357
431
514
677
317
263
29
60
523
741
648
801
166
632
675
527
46
296
676
669
421
212
829
596
845
793
208
334
792
16
245
910
670
244
164
872
18
686
1020
256
142
102
844
767
655
41
310
324
114
974
389
234
663
584
59
994
489
621
859
156
320
119
291
297
211
110
985
68
370
8
574
908
146
1002
330
1016
726
113
217
14
213
192
442
684
272
1025
288
289
307
849
720
356
366
394
871
1010
953
316
983
863
420
404
250
740
530
484
95
105
585
634
565
866
831
724
351
83
132
823
997
719
162
905
848
149
673
207
711
776
140
381
223
976
638
209
71
820
546
463
287
678
306
875
147
308
618
979
101
454
576
309
206
19
235
118
254
123
353
406
360
909
196
204
661
591
397
36
386
458
1000
201
416
681
255
529
48
243
252
692
784
493
153
611
543
665
185
371
345
248
858
205
826
639
873
129
122
478
507
367
642
870
757
35
750
825
531
737
773
253
481
329
900
186
195
278
502
74
497
503
69
707
761
914
822
231
830
595
75
791
751
550
474
534
54
1029
689
877
780
833
405
187
813
988
9
340
50
989
200
124
695
3
469
214
821
657
861
560
573
553
116
390
769
227
1012
597
377
331
895
520
539
247
760
21
155
561
100
12
456
176
106
190
518
376
674
336
972
261
82
627
203
907
1023
764
779
555
145
854
500
183
569
1006
180
804
436
169
182
472
842
710
392
464
605
121
876
810
559
1017
788
647
562
73
722
878
613
426
159
445
697
459
333
424
152
954
884
843
107
512
957
631
135
626
37
795
385
1005
610
716
384
860
359
685
418
402
86
659
977
79
449
31
840
279
167
783
193
117
939
975
557
355
475
622
967
460
956
742
84
62
667
937
886
228
746
941
755
465
862
714
765
818
409
332
672
517
476
748
852
2
775
832
78
120
837
961
936
995
486
391
325
72
136
53
993
28
198
1001
11
423
725
921
693
496
834
328
1009
88
395
435
656
1024
293
271
171
96
216
536
943
30
266
963
210
350
67
903
698
335
604
509
897
763
477
709
358
1004
240
671
412
453
97
815
526
501
49
828
94
311
294
743
230
949
790
592
898
352
933
399
468
415
4
413
554
438
568
869
987
575
368
664
61
519
926
688
540
599
408
222
816
380
938
174
902
658
887
239
150
165
127
347
282
880
928
894
787
959
571
224
473
372
221
268
643
112
590
944
151
246
705
916
572
857
732
179
25
45
471
440
363
172
771
768
754
66
817
774
807
904
912
577
485
348
896
130
274
303
163
457
874
778
579
608
578
52
799
511
1003
917
965
492
490
437
506
883
115
777
