311
671
261
623
4
228
638
297
798
238
902
779
874
814
820
538
63
1004
587
688
935
771
190
590
325
695
165
14
500
1017
911
152
496
685
521
610
423
702
212
233
275
770
1019
532
577
563
50
679
634
683
305
352
114
941
145
336
116
294
124
656
944
582
237
503
628
636
141
522
705
363
693
755
1028
236
37
602
727
649
829
52
616
222
474
875
151
8
609
876
988
603
1024
92
741
624
611
777
231
928
446
959
241
731
581
676
351
536
448
552
340
776
211
371
982
206
613
996
965
516
797
368
740
381
583
1025
342
339
689
370
369
125
1000
155
204
595
42
199
576
871
786
9
964
710
617
169
437
691
164
892
456
898
580
1027
307
332
653
652
658
937
310
821
703
21
374
1003
343
1016
362
224
465
457
608
675
916
34
573
225
19
873
985
901
778
486
900
406
143
803
848
215
745
546
765
780
647
31
591
553
992
774
954
692
853
969
766
762
807
956
439
415
635
559
28
253
974
318
631
181
38
210
808
535
453
258
716
1007
251
917
304
205
782
950
923
967
246
106
207
471
473
682
1020
864
459
234
129
510
999
62
493
505
1006
188
51
6
558
313
160
666
839
699
65
324
641
302
951
697
713
71
960
95
711
721
586
359
420
788
625
955
730
663
60
480
939
915
375
544
927
931
886
870
804
328
301
36
431
447
295
121
126
75
250
938
508
487
704
380
491
88
270
167
184
78
1023
398
811
972
830
438
104
98
276
361
282
94
49
17
502
930
732
700
139
828
5
712
654
752
833
157
659
111
855
618
303
356
588
308
785
482
561
387
162
784
245
527
266
185
1011
383
223
281
256
97
192
445
736
564
274
899
287
386
154
413
41
981
975
382
1002
735
918
910
280
321
763
949
838
271
585
153
543
82
291
506
768
850
113
701
530
888
694
742
913
424
748
30
442
419
134
1001
298
598
25
123
186
27
384
824
347
179
440
119
66
390
76
67
841
885
825
669
172
289
322
723
220
451
416
99
987
46
214
673
485
68
427
525
879
388
29
463
338
171
260
933
569
794
194
757
360
379
921
337
754
150
860
201
461
112
520
589
932
306
528
15
89
632
894
614
836
791
852
22
284
976
706
1008
460
640
979
178
376
174
1005
404
922
156
773
936
984
674
20
495
1015
80
947
571
826
81
393
739
268
869
772
240
642
819
526
686
407
492
775
73
670
626
924
135
355
57
389
399
681
409
130
859
789
373
16
243
753
651
1018
945
513
200
995
607
644
13
365
844
872
175
795
391
168
551
991
831
341
832
133
161
787
677
815
579
540
1022
283
719
273
958
353
800
907
849
469
846
896
966
633
650
422
248
834
1009
1014
12
410
286
863
751
203
7
645
737
997
372
147
247
865
661
519
454
226
942
470
957
733
229
714
715
366
627
499
449
943
619
812
542
278
903
53
118
497
660
934
196
105
296
350
920
643
187
91
400
662
805
189
329
93
517
978
43
128
781
539
806
759
545
977
568
946
477
392
411
615
357
466
83
265
483
177
441
464
180
334
235
18
69
331
769
418
518
102
796
925
970
86
793
254
117
746
148
667
209
531
630
963
962
816
760
403
344
484
219
498
512
756
842
687
272
137
472
646
358
567
952
494
637
252
790
639
971
718
232
747
333
70
300
74
269
450
292
367
72
56
316
792
893
249
149
348
827
720
547
432
144
878
940
159
267
912
191
813
629
136
146
854
511
594
293
515
319
575
462
572
103
604
738
395
541
0
734
1
926
851
764
973
990
467
845
596
843
758
242
288
908
417
429
574
54
857
354
475
1013
408
10
468
919
263
396
856
822
744
3
980
802
202
33
183
317
514
929
708
40
592
550
810
425
909
314
170
882
109
678
866
2
257
110
698
707
127
158
891
490
953
620
593
809
244
914
61
1029
835
481
90
85
895
455
377
176
665
523
402
26
216
767
349
218
847
818
434
346
436
906
548
96
320
529
401
858
326
182
101
488
537
64
565
230
32
672
290
696
444
887
309
115
195
868
107
657
680
722
108
478
385
840
889
476
501
534
743
601
862
452
163
724
1026
622
655
262
264
905
717
562
709
817
120
883
823
504
323
690
881
555
87
77
605
668
998
570
897
285
994
560
173
1021
837
861
783
