367
357
72
223
951
639
0
609
79
690
464
422
14
192
378
913
1024
117
948
31
977
666
927
899
80
514
1009
1021
84
890
103
628
274
856
446
379
832
39
413
990
692
225
110
314
583
604
388
507
517
366
545
322
132
740
591
528
968
44
904
620
148
956
739
177
775
623
484
505
561
862
478
408
588
859
535
400
104
288
989
819
109
720
391
485
506
8
211
823
637
112
185
178
874
766
152
310
743
809
794
114
994
1002
376
7
976
793
402
325
835
385
869
317
1004
719
83
443
113
281
682
282
944
460
702
593
731
158
540
969
887
26
1026
615
62
189
134
788
898
125
285
392
511
57
596
425
93
41
403
973
647
747
746
516
916
35
762
359
395
910
773
210
226
92
304
6
448
453
613
508
574
1020
717
142
383
428
493
624
784
350
770
851
737
781
920
327
828
50
631
708
870
790
551
238
436
678
693
560
504
227
975
253
744
380
632
612
492
675
139
481
131
818
456
228
166
661
122
1013
786
594
736
660
911
356
657
621
652
1003
174
248
758
353
401
573
81
272
76
47
381
218
530
722
580
755
245
712
547
184
38
321
297
480
630
730
777
241
961
275
372
416
438
991
816
531
891
787
445
577
501
822
406
1023
669
449
437
581
716
415
404
696
195
373
86
849
344
467
769
877
188
249
309
126
107
458
764
776
17
801
541
509
512
592
28
651
440
603
338
854
307
886
36
145
618
220
244
565
144
1019
70
918
524
960
135
878
141
1017
302
143
454
133
697
374
194
27
610
46
789
286
848
479
751
700
71
250
922
879
590
215
727
905
68
627
640
906
933
348
985
439
405
888
264
983
729
820
896
426
429
333
698
785
96
399
65
209
170
89
254
271
586
100
959
394
687
671
137
893
1005
1027
831
40
390
688
229
655
575
629
52
203
308
903
419
704
15
82
855
587
925
522
1007
10
236
756
102
252
283
346
1000
276
988
805
546
721
433
752
330
171
337
679
917
980
945
341
190
397
882
498
827
306
946
972
486
937
797
863
919
617
844
234
496
902
915
299
95
64
295
914
543
186
231
711
814
160
1028
161
636
677
273
569
564
515
497
732
674
536
447
312
825
857
680
686
63
796
293
214
883
513
32
410
412
351
386
834
51
529
294
525
74
382
477
695
895
30
1016
222
49
664
319
979
25
331
843
830
952
643
257
197
875
595
584
1010
510
659
532
724
193
365
16
1025
552
489
765
701
611
163
85
208
866
600
527
461
548
520
861
472
865
713
499
101
364
538
955
138
270
173
463
180
73
648
332
164
901
87
369
469
502
967
589
889
949
667
880
207
423
457
676
441
482
996
815
634
597
864
808
966
626
247
127
734
953
665
268
58
466
691
644
451
48
518
335
811
958
213
853
1022
799
873
261
662
2
120
387
582
278
757
251
146
262
370
939
987
749
360
111
9
153
389
420
240
263
256
663
97
468
759
421
154
1
523
824
929
806
444
707
232
329
900
303
599
155
930
598
471
998
418
488
313
169
921
782
115
450
542
279
812
305
803
487
1001
124
760
503
606
336
474
954
352
981
761
435
672
150
75
358
291
259
780
750
5
555
942
821
852
868
67
656
66
136
654
872
326
224
98
995
689
37
495
935
363
242
94
235
212
377
500
362
798
246
521
813
558
165
298
90
191
340
123
962
754
549
269
128
29
817
553
908
607
556
605
1008
105
725
12
59
653
557
129
349
964
18
315
3
205
641
432
201
1011
470
858
99
947
526
167
566
206
576
182
616
77
965
774
265
999
147
22
684
121
957
91
233
810
800
217
767
157
792
894
753
884
924
459
260
714
409
779
881
867
585
986
534
407
431
266
396
670
355
320
140
368
301
490
568
646
839
723
243
175
559
239
156
554
258
963
179
567
570
539
909
61
699
316
11
219
375
55
602
296
572
181
733
60
633
992
151
23
255
974
537
56
728
334
1012
625
943
791
343
845
718
938
837
748
783
53
658
923
802
807
280
562
393
130
931
176
159
645
33
318
19
544
912
1029
292
971
168
483
850
710
230
681
876
642
635
417
371
1006
198
829
608
69
705
204
673
745
703
614
494
842
414
187
13
237
452
650
778
54
563
339
738
804
342
434
841
427
354
430
290
323
475
328
361
