938
458
1018
349
101
71
363
637
110
666
321
914
590
784
640
676
29
828
652
692
902
936
689
121
207
409
668
476
146
858
11
76
522
192
43
251
678
4
773
316
352
528
901
954
767
87
136
573
271
338
430
569
467
381
85
921
747
230
745
1024
468
923
992
26
824
243
431
30
849
758
218
154
142
98
526
866
941
263
45
636
274
304
748
740
428
836
415
818
633
552
934
439
523
635
832
156
728
360
194
376
160
128
806
966
918
453
397
155
972
92
973
272
753
579
631
777
389
795
134
869
74
451
324
616
622
944
1008
177
53
771
856
241
589
107
40
60
755
350
254
282
396
785
93
661
377
796
32
757
281
335
913
741
97
444
786
109
50
162
300
787
470
626
169
449
268
122
188
953
749
417
137
682
277
307
58
104
1011
880
116
347
131
200
474
499
479
663
904
731
605
33
975
553
459
351
145
778
738
970
368
432
234
1015
102
638
27
645
981
600
534
684
971
820
587
305
80
1026
408
694
494
956
898
105
424
114
729
475
814
987
436
1001
1012
993
790
794
41
965
464
513
298
117
264
153
950
83
827
546
256
977
974
391
957
319
549
997
695
994
911
139
929
456
478
49
662
527
842
715
1007
311
290
812
733
226
312
0
181
16
224
364
597
933
325
167
332
999
387
471
943
618
868
52
17
962
935
862
135
568
398
804
525
872
301
490
371
66
988
959
547
882
438
630
986
314
367
656
613
125
170
54
803
877
793
173
983
126
704
158
654
598
861
345
703
897
265
881
373
240
484
369
278
168
610
394
7
236
781
492
402
764
273
123
405
789
650
326
722
991
625
533
120
649
149
985
799
801
592
31
707
888
500
894
202
174
539
756
615
68
505
706
427
434
163
664
159
250
813
246
178
774
372
874
287
132
946
791
429
127
700
164
157
392
709
399
318
686
723
406
739
69
1016
807
520
342
961
308
1002
696
768
1005
612
206
762
864
847
165
112
329
72
108
900
556
333
260
356
366
55
343
643
952
899
35
802
582
201
845
601
503
892
701
183
1013
416
12
1006
152
425
815
232
554
567
423
504
506
942
84
171
86
641
514
617
219
486
447
420
736
659
699
544
238
222
212
891
283
141
228
776
800
339
210
143
837
775
166
822
536
44
37
388
410
1029
288
448
531
840
214
976
20
742
720
561
907
532
442
982
186
384
821
581
380
859
744
697
280
217
563
203
835
249
323
1023
270
19
658
111
179
79
691
924
797
606
421
8
910
133
182
705
555
885
860
220
480
925
916
660
947
204
358
199
540
292
969
59
851
193
276
679
886
103
702
939
545
223
462
673
47
309
825
811
584
831
763
64
998
558
412
560
118
937
130
94
593
443
6
313
896
870
1009
614
575
495
187
889
830
413
721
922
460
909
893
461
857
788
196
450
808
826
708
331
465
180
295
89
407
750
562
24
690
286
253
213
920
960
22
81
291
780
604
665
507
810
903
639
382
984
245
328
1027
233
743
853
578
619
819
865
357
996
927
13
211
353
73
208
151
979
759
78
334
365
257
493
535
172
440
466
419
850
266
672
548
990
746
629
216
838
38
752
509
385
688
119
940
602
512
948
322
48
310
422
510
675
669
884
455
106
296
680
737
489
327
469
586
867
599
95
713
871
798
90
693
530
293
596
242
566
951
1022
710
247
435
511
852
418
627
926
191
378
843
400
583
375
62
215
336
912
209
521
958
917
477
99
184
887
792
150
670
588
779
863
609
642
88
620
317
769
140
564
611
978
361
195
261
279
275
28
5
607
403
712
1019
570
634
259
931
497
488
75
770
908
401
355
608
1021
229
816
677
1010
496
571
138
67
964
15
348
714
189
537
683
390
1000
1028
70
386
437
491
651
932
77
542
967
895
100
529
580
508
727
411
621
176
782
655
65
955
42
854
63
483
657
341
501
147
671
963
472
905
725
23
46
294
879
269
644
603
1017
205
237
267
3
765
681
761
928
289
883
56
315
231
515
487
1025
945
10
538
890
457
25
185
726
482
297
2
248
395
96
446
834
594
433
980
685
1020
524
379
716
14
623
320
632
517
404
124
846
36
1003
1004
687
485
550
855
498
848
754
9
441
39
359
148
674
698
817
18
906
732
844
57
873
284
876
591
