813
208
548
343
879
418
714
1025
448
287
337
59
685
710
936
988
743
579
373
681
724
206
454
904
294
131
522
120
150
82
1000
107
861
348
268
311
950
869
647
157
587
215
195
217
967
352
320
927
8
699
491
391
606
883
261
709
850
740
379
504
960
285
378
419
143
935
67
295
648
631
982
498
774
237
142
5
1005
578
168
608
654
769
976
704
920
863
138
362
109
434
561
450
218
37
629
993
926
76
33
625
291
213
739
95
441
963
905
227
735
420
156
956
244
47
277
159
43
669
1003
68
86
907
855
185
1014
163
565
52
93
703
104
824
959
149
63
475
613
297
405
262
898
939
412
792
617
516
902
315
782
173
785
873
684
296
402
96
158
751
167
410
839
39
462
271
292
71
453
870
731
31
633
807
198
992
211
665
21
299
176
535
468
117
436
758
643
397
212
89
513
776
954
507
661
750
492
853
290
459
656
331
471
147
1009
834
425
346
577
581
128
205
915
41
66
152
476
175
772
190
367
536
503
928
49
482
947
324
224
795
183
97
357
938
171
632
726
87
697
473
221
911
110
424
435
216
890
619
219
46
705
945
9
821
858
716
574
493
797
903
313
847
361
763
876
384
937
802
252
972
396
75
275
106
921
336
862
371
983
469
62
899
223
326
745
721
645
166
2
17
551
796
151
480
474
668
573
786
6
447
798
186
250
607
783
872
583
884
365
725
40
35
376
980
267
431
276
889
912
948
443
1020
973
115
417
756
715
910
916
734
1027
280
329
570
877
355
135
172
538
477
659
605
612
53
658
327
38
58
349
641
815
197
375
501
768
777
888
438
100
836
479
88
233
342
497
896
272
773
422
187
81
759
154
811
72
801
521
30
838
180
978
133
255
766
307
553
576
485
456
194
239
571
981
54
805
787
354
964
304
857
713
754
546
470
655
241
510
45
694
42
204
99
812
814
679
57
637
246
856
457
971
360
851
584
452
288
317
874
165
222
254
1010
511
825
540
169
153
557
822
1018
1023
545
442
689
517
25
1028
461
800
864
682
303
650
381
984
933
615
210
744
949
429
924
906
719
129
270
544
496
748
900
64
467
989
810
301
458
1002
408
790
411
843
300
866
628
10
871
762
572
404
316
722
778
1017
690
590
141
597
487
85
603
934
878
234
1007
121
282
651
925
124
692
108
816
51
377
27
386
139
994
620
393
881
746
298
328
683
677
56
841
512
432
680
238
634
350
123
506
526
414
670
236
1013
533
738
228
676
188
593
356
569
875
556
245
894
455
880
1026
314
209
940
555
193
399
50
1019
818
596
580
840
707
191
32
289
160
854
951
374
614
145
48
407
279
962
537
284
609
664
958
657
401
541
90
848
594
94
127
621
987
990
259
528
249
18
24
891
652
184
752
975
125
382
523
532
61
616
118
385
717
4
256
388
430
749
524
846
60
611
182
196
1008
220
729
534
695
566
636
969
202
309
84
667
663
78
0
844
155
164
543
563
696
70
383
712
831
174
737
610
200
520
318
266
406
529
675
531
887
353
11
509
672
74
105
986
319
826
564
428
481
132
817
251
644
484
345
413
310
73
525
767
562
286
505
114
334
446
499
687
240
808
235
494
970
966
733
359
895
260
624
931
370
706
387
547
508
601
341
791
673
472
944
965
957
985
770
753
598
908
618
698
177
700
347
635
248
929
693
961
761
1022
549
122
302
390
368
997
829
1029
639
585
784
91
530
882
595
589
440
269
640
730
702
36
732
600
671
229
392
662
558
649
437
203
592
539
13
77
1021
832
146
423
111
995
604
859
552
80
225
642
804
1024
1
323
231
688
312
421
781
102
16
101
79
486
103
914
519
678
264
363
161
495
489
941
1012
449
394
991
720
518
136
433
140
325
930
550
28
162
901
923
98
932
974
463
691
1004
201
646
757
886
909
1015
747
465
527
207
483
20
281
806
868
366
333
833
460
849
415
22
258
283
1001
799
793
827
389
242
134
451
1011
742
340
852
917
26
3
779
591
999
400
630
214
439
23
764
199
775
727
588
560
126
626
247
330
845
351
953
728
243
820
369
478
112
278
711
788
344
979
83
837
130
559
867
741
321
755
885
144
803
666
178
830
660
1006
586
308
305
12
15
189
181
265
865
358
