477
226
70
222
60
66
681
188
915
83
875
759
976
898
642
428
893
948
501
764
770
243
617
415
580
604
1005
772
768
871
71
912
647
294
1027
250
293
233
936
905
743
671
146
678
79
661
295
458
385
734
437
417
185
919
96
955
32
247
443
320
348
424
135
492
762
30
741
497
724
949
455
223
780
872
941
933
574
219
969
697
37
660
65
395
404
388
7
813
866
605
690
346
97
15
446
757
927
704
555
76
572
0
117
486
775
211
736
906
18
533
823
623
169
484
561
364
947
700
888
918
517
554
960
481
80
911
409
543
811
569
4
306
476
695
35
932
664
873
490
61
687
310
856
292
138
583
227
220
550
200
198
518
248
804
621
637
842
107
652
363
225
732
54
891
150
786
73
796
978
935
835
162
125
987
420
612
634
141
183
268
488
334
465
967
874
674
528
847
412
720
68
587
920
525
748
431
559
377
1015
526
682
638
296
773
147
120
278
338
209
563
535
1012
750
505
187
157
168
916
305
89
712
140
614
134
1001
56
33
609
312
46
189
344
256
766
158
285
184
816
361
238
998
36
599
595
300
29
689
491
41
972
663
218
272
45
568
1007
485
86
235
436
102
523
984
867
103
626
464
2
441
846
236
745
731
179
834
468
115
271
802
199
997
48
42
414
639
136
75
384
547
111
110
985
139
507
240
794
885
884
606
536
208
861
50
814
329
64
493
878
729
275
691
830
375
317
299
180
667
552
643
205
130
805
679
776
1025
908
1
500
160
156
25
386
324
859
351
831
662
355
648
390
992
347
797
282
422
21
26
410
274
974
504
688
519
258
758
819
787
365
345
331
72
173
512
832
429
462
669
88
419
193
277
557
372
886
257
122
164
993
280
716
703
910
752
298
889
970
887
487
302
565
308
204
245
746
448
356
289
778
1011
767
571
631
723
265
379
174
39
401
513
607
216
809
59
534
654
954
489
126
645
1028
155
264
722
650
1022
270
144
203
855
515
279
137
959
921
551
566
400
656
252
721
937
598
260
711
371
52
942
582
785
575
214
615
381
510
876
928
498
744
192
373
290
402
5
917
40
990
904
224
951
807
853
418
1018
434
1008
546
482
625
558
408
11
425
301
844
864
829
366
665
946
90
358
350
1029
43
1016
196
837
524
576
44
370
49
793
950
3
693
913
1017
450
929
895
635
735
957
325
449
628
394
624
763
753
709
457
890
857
600
343
171
953
229
440
792
13
715
322
239
795
98
340
825
85
852
649
610
542
782
930
478
836
74
676
719
579
313
426
143
1013
217
983
952
392
696
123
1026
740
57
376
699
286
393
149
297
461
900
591
94
684
769
923
755
527
17
655
249
521
207
104
892
619
803
451
680
783
262
996
127
254
307
403
435
531
92
433
789
822
154
27
336
234
826
328
1003
788
980
316
820
221
828
442
383
438
592
810
380
686
738
578
304
367
105
538
608
253
63
38
973
276
267
474
714
653
142
10
22
194
159
251
447
677
597
87
673
883
335
337
751
601
843
594
1023
870
172
241
472
362
577
727
108
863
544
914
261
509
129
342
332
427
508
962
877
646
710
784
944
692
567
101
593
630
532
148
838
341
47
806
1010
231
956
869
756
939
975
330
230
389
100
771
439
232
31
799
901
725
989
502
259
520
511
321
644
499
982
585
791
903
882
177
603
368
69
894
81
228
622
999
133
397
739
470
1009
113
284
1006
212
840
163
269
266
675
349
934
99
909
896
708
742
206
613
213
114
851
685
51
263
817
945
480
14
246
801
382
360
818
968
705
931
800
590
659
730
121
109
629
273
827
702
965
1000
78
55
495
398
124
281
454
28
765
503
761
378
93
588
309
849
416
981
445
926
940
977
530
880
922
311
319
399
202
897
717
666
1014
8
24
845
396
516
986
798
67
553
706
529
58
132
176
979
581
611
181
779
483
467
658
151
303
318
1004
925
821
374
620
991
84
698
907
471
323
514
812
283
961
359
1020
586
6
754
167
988
737
215
407
170
522
963
733
391
479
672
357
860
728
182
713
584
288
657
326
20
808
186
548
19
12
850
291
9
353
118
242
781
191
616
413
145
570
131
116
966
632
964
77
62
469
53
549
640
411
573
430
726
815
421
602
166
95
862
314
