695
768
527
175
15
886
808
308
741
86
898
916
376
711
563
749
472
755
929
211
910
94
891
992
588
214
604
710
649
333
83
229
383
661
717
419
946
940
107
1
868
195
897
172
171
140
794
562
411
105
986
596
297
331
208
654
341
473
128
812
827
148
638
204
134
616
183
795
576
626
966
792
215
934
798
819
804
719
909
257
68
899
825
984
823
855
737
699
428
681
1001
210
623
295
733
770
846
368
759
636
313
771
690
568
449
752
453
715
345
11
160
811
524
835
357
845
378
732
202
705
174
869
279
714
323
1026
43
18
303
720
365
252
591
312
102
113
88
16
633
380
987
817
271
1004
359
186
72
650
494
656
80
289
79
932
938
1025
958
963
799
284
706
1023
723
434
627
55
181
863
896
116
192
516
14
740
356
42
642
1018
41
56
262
220
709
21
87
253
482
7
489
1011
194
658
832
653
120
766
64
931
964
826
132
977
199
203
950
104
908
784
486
459
660
739
923
620
34
6
988
200
861
123
666
538
367
247
23
546
925
971
442
70
146
416
212
943
316
366
585
844
675
967
924
901
45
81
541
853
176
122
611
334
39
317
670
129
954
735
362
809
554
237
286
84
217
342
184
788
582
484
867
466
543
617
389
517
182
904
900
476
847
547
112
560
786
99
292
882
332
103
421
52
716
491
266
761
329
911
177
694
54
388
318
1007
581
930
645
216
168
731
471
523
136
322
790
118
100
685
571
727
440
796
46
927
166
957
390
928
522
564
628
912
698
108
31
969
301
154
820
151
961
947
230
866
713
170
352
422
85
839
646
44
193
880
188
58
402
9
567
559
13
373
973
314
180
708
399
201
1010
688
978
722
137
952
412
458
124
346
270
438
544
452
606
66
840
450
269
758
207
933
78
574
1016
595
982
302
906
239
424
227
478
577
508
744
765
294
432
1015
718
548
671
822
545
343
47
49
526
1029
914
635
566
775
397
640
159
198
243
903
691
944
664
462
648
73
955
602
865
976
242
36
406
71
881
463
534
429
830
69
573
551
647
851
553
309
693
245
918
190
537
990
337
353
263
281
935
919
161
778
191
256
945
621
224
533
600
712
178
991
296
417
729
131
418
782
807
304
728
404
2
300
1027
885
435
386
250
246
894
130
862
652
48
401
249
622
475
608
975
488
643
144
385
240
221
785
391
125
135
275
106
756
525
415
306
447
3
915
213
477
662
949
348
35
82
1002
849
241
398
268
74
280
460
895
667
1020
114
163
274
531
307
408
470
745
625
1000
995
377
674
218
569
1012
879
983
802
725
10
115
757
425
501
843
859
299
149
696
926
480
392
92
153
555
783
233
506
258
854
420
948
762
1005
503
12
152
607
707
150
1009
236
76
974
288
254
443
62
834
370
536
601
936
518
162
179
989
405
133
539
509
893
276
504
495
57
77
679
1006
519
965
448
603
753
913
730
372
439
599
65
877
985
156
93
586
393
293
347
857
521
234
888
315
575
614
490
409
639
485
363
787
1019
67
157
492
244
0
590
238
147
413
196
455
37
641
349
748
75
540
510
803
138
27
750
496
158
155
937
738
387
374
143
126
542
325
351
1028
507
278
189
228
232
684
850
651
578
610
836
615
89
361
248
261
892
556
206
597
264
96
864
25
994
529
461
384
997
724
277
922
605
687
24
734
801
339
747
456
619
436
871
769
381
959
887
631
960
561
805
444
32
33
298
291
721
852
673
267
1003
311
145
101
465
98
609
565
90
941
197
394
589
773
487
336
63
736
340
26
91
265
760
791
659
260
169
483
532
320
838
655
396
905
789
283
815
219
998
231
549
763
30
223
139
97
19
701
1008
185
618
779
205
285
235
40
454
187
686
530
702
445
570
427
375
225
870
810
414
430
209
746
669
520
22
856
493
751
355
502
831
772
764
979
500
1014
996
226
878
1024
395
479
818
942
505
637
38
468
774
358
999
800
29
1021
902
61
165
354
457
962
883
259
828
1013
884
59
111
848
95
875
400
167
953
433
743
330
972
726
876
121
742
20
939
629
579
446
273
498
672
572
632
469
951
692
110
222
251
350
657
4
837
580
319
335
321
255
481
164
968
499
889
874
437
860
431
407
644
584
680
754
513
980
379
665
678
371
797
