364
543
763
276
929
5
145
172
357
254
412
29
577
50
74
154
212
518
158
70
89
819
225
460
134
224
419
221
828
195
121
350
901
711
328
38
688
563
863
846
192
582
965
951
439
422
854
816
163
226
171
822
661
490
599
414
166
925
694
320
561
572
1015
284
285
838
834
453
477
720
560
1018
808
1000
429
779
644
135
904
996
632
957
293
820
120
513
286
162
997
228
539
657
231
685
54
709
793
628
77
23
216
128
392
338
448
43
617
311
495
815
532
662
40
4
483
302
774
684
310
8
691
840
768
983
124
137
900
33
984
415
370
343
909
686
53
851
397
897
813
531
704
257
677
546
953
629
873
981
127
890
432
784
529
942
733
430
146
404
34
80
998
889
309
19
336
447
387
527
164
332
362
424
593
356
45
273
149
912
349
141
383
194
160
1014
83
847
190
174
765
86
197
247
500
376
676
326
726
963
118
1011
995
180
229
530
445
842
533
10
369
274
636
260
612
105
826
340
511
824
136
288
640
1003
924
88
584
182
744
737
220
481
373
877
872
142
413
66
65
756
516
973
524
93
417
606
882
570
690
30
167
1027
610
170
985
807
196
181
256
748
499
218
992
193
76
767
553
922
296
542
168
590
189
608
24
625
67
671
906
215
698
482
745
506
165
207
418
727
1026
810
222
964
133
569
696
839
161
272
68
681
879
1008
467
1016
934
757
488
591
1005
183
740
903
875
547
515
69
114
458
955
420
496
586
968
363
837
974
61
313
31
263
790
472
367
91
843
75
521
280
428
3
990
281
550
119
56
724
476
261
99
564
988
708
674
28
457
217
722
436
187
140
469
354
49
403
398
475
772
344
966
342
103
896
923
318
522
106
144
895
393
519
594
728
270
977
528
949
647
259
526
466
917
11
51
602
967
203
609
73
588
764
1021
390
408
841
491
554
705
835
575
814
595
504
753
801
975
60
243
97
669
707
523
468
935
510
817
366
289
752
579
372
1017
435
857
456
85
262
596
104
804
378
899
1028
881
605
520
729
57
878
84
549
796
538
446
665
659
721
201
805
551
831
112
867
773
800
300
253
631
176
389
978
643
323
630
619
775
213
143
191
199
58
462
502
92
714
829
535
616
249
113
832
497
876
597
928
939
108
697
122
758
283
874
604
210
914
713
454
333
421
409
1022
653
384
425
322
503
348
751
44
294
345
859
47
455
87
130
571
312
789
214
492
1023
566
946
177
507
742
391
855
21
731
770
778
568
675
760
385
388
771
159
761
410
905
16
961
788
451
587
1009
431
959
795
811
871
699
205
689
710
129
894
82
20
781
232
335
785
198
175
9
982
116
743
132
993
443
936
279
358
1
304
565
359
787
440
315
319
780
489
26
639
375
1010
485
139
18
308
986
321
592
769
290
219
525
918
14
680
395
989
725
732
886
980
719
650
0
405
623
39
110
664
954
583
621
314
449
656
908
558
265
131
701
860
557
991
999
115
960
371
567
380
94
55
850
892
235
157
292
962
327
470
155
948
1012
641
117
514
148
836
442
394
437
355
102
943
416
548
329
750
251
377
493
42
766
379
441
6
325
223
919
275
41
976
179
926
227
541
638
624
888
486
123
25
666
233
474
200
614
891
739
324
702
37
1002
718
869
777
138
844
12
381
109
930
299
622
944
1006
545
827
537
287
434
652
627
755
830
298
184
178
562
1013
96
463
494
248
803
931
48
452
339
1020
438
898
317
913
678
613
459
556
173
291
956
692
98
484
642
615
884
849
902
712
268
754
645
295
480
360
870
151
994
940
242
111
794
208
27
633
885
540
534
334
833
90
883
783
585
654
941
734
880
512
672
865
464
738
797
152
573
736
382
987
353
950
255
406
209
307
282
444
552
72
868
351
13
346
887
239
673
716
544
2
71
683
782
399
559
101
1004
637
1019
762
186
581
791
952
667
971
618
916
59
258
969
776
46
337
802
433
921
574
411
244
611
947
206
723
331
938
17
306
799
35
601
589
150
271
663
825
853
1029
759
658
465
1024
365
700
252
147
352
536
78
498
341
471
236
600
450
202
126
735
278
240
580
15
823
603
473
267
297
305
866
423
361
125
746
269
858
211
266
717
651
501
264
682
655
911
245
555
374
461
598
937
