481
665
530
718
630
838
443
864
52
254
270
656
628
146
812
847
519
354
236
858
611
642
814
369
842
205
468
199
647
17
1020
1029
208
291
168
872
402
141
833
860
314
933
6
762
777
149
292
242
714
552
2
770
116
479
798
485
966
62
532
1005
531
373
658
467
222
696
667
806
159
953
477
307
372
799
173
40
316
706
507
77
293
151
701
755
593
433
362
135
466
98
1006
18
900
494
962
681
1002
294
663
609
411
123
498
1001
342
58
412
129
397
950
958
424
1028
560
121
45
869
984
388
73
210
201
982
639
891
355
618
689
418
861
150
246
313
988
286
74
661
37
289
409
161
893
592
367
745
301
711
627
471
975
708
217
211
34
763
131
194
348
747
384
403
670
128
460
890
216
942
1023
729
449
84
504
1015
349
364
754
934
112
546
327
381
765
916
1025
973
395
233
931
649
461
511
922
300
219
882
158
176
198
280
521
431
387
142
417
166
12
1010
888
565
554
925
87
214
200
566
731
728
271
140
528
127
621
180
657
321
907
414
276
535
351
82
379
88
943
139
39
513
250
800
371
527
503
104
86
793
781
7
454
241
309
162
228
368
416
712
752
635
1016
831
308
571
320
445
917
995
344
1013
93
686
764
110
231
274
358
404
944
524
329
576
719
50
898
778
773
954
868
588
769
56
215
613
156
189
107
604
972
846
612
852
623
474
679
669
451
732
803
710
357
108
19
666
881
512
889
102
47
429
298
24
721
501
374
332
285
817
137
595
256
845
134
495
766
693
261
713
487
347
994
69
979
631
15
187
969
99
243
626
644
305
191
779
338
10
331
736
438
585
514
177
380
516
38
365
432
171
735
335
544
862
459
928
253
85
117
602
68
70
94
932
790
279
792
572
857
737
699
978
434
339
209
109
636
780
14
981
428
840
480
53
915
361
690
675
115
715
596
235
655
462
555
1011
989
913
854
586
442
744
760
671
633
506
547
247
296
537
557
939
255
887
330
873
100
569
136
977
691
584
786
694
526
446
35
188
29
740
895
193
248
682
957
662
830
924
782
545
965
315
484
985
518
945
8
1
336
750
884
284
1003
826
698
25
1026
960
894
536
839
564
174
482
563
178
980
879
264
947
795
923
716
556
875
614
89
252
67
281
976
238
758
165
103
346
575
125
837
534
877
648
548
725
396
493
946
541
672
529
824
426
175
937
1009
787
185
398
1008
11
227
855
753
63
836
21
707
640
813
961
470
801
709
249
970
197
816
421
601
558
510
629
674
515
676
152
637
157
772
590
866
272
654
688
650
9
570
393
685
154
697
646
130
370
229
892
771
80
239
990
784
952
76
903
641
553
941
1012
268
436
126
118
475
920
195
278
122
49
237
328
0
350
41
390
606
179
835
184
599
375
901
794
659
304
145
574
874
323
275
809
622
914
500
856
32
615
832
213
717
594
389
825
704
46
577
821
105
785
277
808
106
60
643
807
789
589
583
267
727
568
828
437
410
653
904
759
405
843
603
325
918
464
936
1007
1000
983
702
483
581
359
42
207
929
562
533
273
97
673
181
456
283
420
998
119
234
114
422
435
423
22
71
695
508
502
783
155
419
757
258
677
964
678
788
28
440
819
427
326
748
44
1017
559
312
302
580
608
352
850
911
1018
447
91
288
391
251
991
144
232
600
202
538
587
802
345
101
190
153
124
225
132
282
430
192
386
899
625
322
1014
488
337
951
749
492
743
472
59
908
406
878
72
55
377
297
376
478
26
974
383
473
579
170
897
905
683
734
804
83
1024
353
400
668
182
65
491
902
223
591
160
684
774
444
550
269
987
287
363
240
382
517
172
36
263
1019
863
968
841
260
906
224
823
439
221
469
1021
356
496
262
360
768
324
551
163
921
486
5
408
4
401
31
265
164
692
938
244
927
930
956
266
645
333
619
796
16
3
834
827
726
664
343
33
23
230
169
92
523
143
597
57
992
811
700
797
392
853
425
865
919
499
723
926
318
490
196
660
703
598
910
183
722
539
815
303
849
791
756
78
844
940
366
120
489
79
520
20
226
290
582
776
51
997
311
730
257
652
751
567
457
413
955
96
30
441
27
378
573
896
295
455
996
245
848
871
148
971
578
651
851
147
909
399
542
476
