150
257
704
19
851
1551
446
412
225
667
1014
1435
1185
1542
1354
474
1356
1329
941
482
275
450
1249
458
649
590
102
1438
1530
32
951
1140
675
1370
439
1060
152
454
778
1410
891
725
887
94
1080
936
1294
1589
739
525
288
605
1164
1516
373
886
1586
1351
1323
1477
954
262
338
1357
169
842
405
427
745
694
613
820
52
1401
682
949
332
1346
1352
1028
1545
1334
994
1236
1414
1387
1104
1598
1287
254
1039
309
978
1057
585
676
557
831
684
1594
879
1521
1123
294
128
1040
303
1580
251
277
1453
611
181
163
306
721
564
1121
1583
932
261
103
1190
1217
648
902
554
1454
1158
1433
586
1291
281
1167
1319
1592
112
159
453
844
1031
1056
1386
636
1191
409
228
749
388
1022
232
1199
1118
101
1020
1366
1176
469
1385
594
970
1450
220
803
177
720
678
976
1486
147
929
529
709
1353
124
916
797
763
663
1216
396
1527
166
274
1258
402
374
136
1278
1407
875
506
424
327
1261
668
806
1434
631
991
270
791
165
1223
1480
549
290
307
857
793
1144
912
367
452
1201
948
443
798
326
774
1464
447
97
1228
1456
1327
1427
1025
182
735
1016
1105
1113
1350
1526
1114
271
47
1442
705
1541
677
1067
1325
404
130
192
7
389
686
278
457
3
645
28
1202
1188
545
501
170
903
333
243
1177
589
760
49
331
1421
81
1233
215
1147
379
922
1538
566
1005
295
209
1336
376
1306
1395
1209
867
1288
1037
1099
476
833
884
1225
715
1396
1052
1269
205
1595
161
1429
1260
862
1446
442
1582
260
852
1054
366
325
46
1051
1273
80
1322
1402
141
1194
1558
1030
1086
1182
460
1494
449
146
1133
653
1163
50
207
202
247
858
1543
1150
358
1328
865
233
25
1360
1567
417
1198
1426
1179
196
15
1218
882
871
1071
755
1496
214
552
1585
269
120
523
104
1063
1302
1469
0
723
1131
1400
70
1250
468
981
1537
674
1219
462
121
382
116
1423
826
178
335
240
1221
580
400
131
302
1364
968
726
1255
519
931
1284
813
248
179
54
615
234
1200
53
522
73
1570
122
153
397
608
231
1300
1115
1461
435
33
493
1529
1408
1192
777
1560
543
1304
1554
983
1505
1206
319
198
334
979
671
1518
512
673
1339
200
640
1226
1506
644
514
1132
975
1251
188
877
982
602
736
587
1349
1247
1533
456
1048
1511
621
1280
381
1059
1075
300
997
634
768
1314
126
108
1474
1211
82
208
106
13
38
947
471
1049
1418
1238
310
372
905
532
727
284
1413
86
408
1577
606
719
666
528
1094
21
958
194
1512
702
1571
1032
301
1107
441
60
1204
1097
354
57
807
445
330
320
764
83
1501
1485
495
88
22
340
92
1235
1524
283
149
23
241
1507
993
1090
1279
656
573
491
64
919
507
1010
538
85
1458
1499
1102
722
713
264
218
746
1012
772
1050
56
1371
685
754
217
769
1448
282
544
593
1525
747
1420
588
738
1055
927
470
494
839
1029
1125
1345
1289
509
1417
1286
1390
703
430
770
1441
559
299
401
250
850
1348
1243
620
486
413
898
224
691
1498
853
425
1122
1315
292
885
1079
956
1365
714
289
1263
918
489
526
114
298
775
444
1369
156
662
222
378
342
1459
421
1070
293
123
630
36
578
1343
548
1145
1207
1033
1152
420
737
825
1475
1510
1590
1184
1008
801
1509
780
1362
193
962
654
547
730
710
1257
1222
1148
253
490
814
596
690
998
805
1373
1391
8
603
356
40
1298
117
1265
96
744
1077
280
1
296
132
815
1240
485
1393
1340
1379
530
846
641
204
1422
652
1359
176
1575
848
44
672
1007
701
1358
570
828
612
99
1467
1138
483
1015
1208
1232
34
908
410
317
1006
1419
619
488
140
937
329
510
347
1313
860
107
1141
1259
1388
1173
1072
835
628
957
1036
861
148
889
1103
48
466
1026
1406
933
27
536
119
1548
1151
398
955
707
1127
1110
9
1271
1237
1432
1160
1076
1531
757
1175
1562
418
646
518
1213
477
750
562
1083
818
138
1519
1195
915
553
184
1023
361
1482
697
1384
1224
1081
419
1095
1564
864
724
24
1515
95
1466
341
870
969
517
1490
1203
375
235
69
1374
786
74
26
229
1559
111
90
1009
393
1591
308
974
1376
1256
1377
551
1068
980
1430
804
328
1363
1497
762
392
173
680
967
1229
731
10
925
1066
1439
555
1153
1449
1149
1307
604
1082
31
1540
854
137
753
836
541
1470
478
1231
429
139
1457
664
1544
61
665
792
385
66
268
350
473
346
617
11
1073
822
189
934
14
834
1041
133
972
561
872
387
1274
349
999
390
17
789
1409
1292
821
856
1100
1331
1578
809
658
1178
610
475
1187
428
98
480
1383
944
1569
1503
1129
1355
357
1324
900
1550
1576
988
45
344
291
343
661
1116
571
973
1087
1539
109
1092
1088
1493
399
845
406
940
1193
959
1065
500
191
1416
966
1361
1444
351
531
923
238
930
1108
244
487
259
18
1399
318
1596
266
771
91
1017
1021
960
75
1161
239
1139
371
576
407
627
733
323
1044
63
51
1566
71
1003
324
1126
1047
1344
1143
297
964
1473
695
579
699
1212
216
422
272
1462
700
1440
1403
880
650
1460
687
154
1046
1293
869
643
135
322
896
363
1451
533
360
1479
1587
41
1283
1248
743
263
395
924
996
1253
914
935
995
591
314
876
1335
558
752
540
712
352
1106
364
1142
1058
1146
37
1101
1579
878
1588
1428
633
539
1389
1305
246
242
1463
461
72
632
909
1035
1535
952
1000
883
990
105
479
1295
832
642
1117
258
629
336
1368
681
595
824
600
142
377
286
784
989
68
971
759
505
904
926
89
1436
607
1246
1290
20
785
1169
498
1489
1252
625
716
62
1234
651
1572
1296
766
1514
609
893
881
383
212
812
160
1299
534
779
895
42
1491
1264
1380
1111
1528
206
711
734
1398
1155
305
942
635
524
464
1165
1513
984
175
1553
423
1038
1189
830
433
255
30
1205
1241
1308
1171
273
520
961
599
118
1112
921
172
943
717
1180
1337
134
151
868
1214
311
1137
5
1128
345
1412
1523
484
1483
1437
391
692
1091
946
1272
1581
953
1267
624
1342
504
1069
316
1120
186
728
614
84
1242
1532
1561
1276
1555
657
2
819
455
1162
863
840
1215
1061
1341
451
515
312
1573
626
1318
1181
897
568
1019
76
670
199
1074
698
683
1338
1404
1495
1197
535
213
841
4
1013
414
1330
1156
6
560
167
811
113
781
1424
928
1411
546
1172
977
816
492
431
838
1546
1394
810
339
616
601
1220
647
1320
1281
503
1333
581
1098
758
1547
65
201
939
1504
1565
174
1367
39
110
638
1312
1034
965
1445
556
79
16
706
1085
1472
1159
359
1134
1244
796
459
1476
795
567
1382
829
321
313
463
1500
370
1455
164
1375
866
542
1593
1174
304
1468
362
1130
197
1536
1136
669
440
1210
380
783
639
1001
888
1270
1053
622
416
1277
171
472
1447
859
157
210
355
718
348
945
1109
1301
1332
659
1266
1096
1119
1297
438
742
499
187
1392
1405
550
597
849
1415
180
1309
592
211
223
1285
35
145
1478
1557
1520
1316
1397
256
415
1508
563
565
1196
1227
337
1549
911
1245
1425
1347
127
689
1574
847
437
203
1465
907
115
190
920
987
910
843
732
1062
285
508
467
1326
773
78
1443
143
221
496
782
894
1317
513
58
802
368
1186
267
776
623
1154
873
129
1045
