1201
63
163
1498
1131
311
28
89
327
517
1332
1042
1585
301
1186
1541
392
1092
576
1004
936
1590
32
593
1235
432
1582
1513
759
1047
813
308
921
1054
1007
617
975
77
1204
1181
110
673
986
65
451
1587
1104
1270
1380
1315
1516
1109
1320
123
1036
330
1226
261
916
630
741
1017
1246
1415
552
140
727
1006
1046
714
623
1128
767
1200
49
1116
1155
995
127
941
205
679
1303
1457
1534
1192
273
1113
984
602
365
919
1338
1448
337
834
471
223
1352
1333
417
792
1574
1547
579
1414
747
918
513
605
222
1011
1459
878
781
1409
1231
1048
260
1325
1239
678
1419
454
768
1527
721
370
979
1055
83
293
1197
541
1557
672
939
1205
1255
221
1593
854
1105
1514
1555
1478
655
514
1029
509
826
754
406
398
1441
858
359
625
958
882
1188
336
492
1037
1302
1314
1244
1277
725
1357
927
1548
612
994
1045
444
707
1035
1467
990
422
211
176
44
1408
795
1265
239
608
1021
620
1351
1168
240
126
1508
259
642
677
773
1086
220
193
295
1259
775
491
558
861
1321
615
922
1081
1385
1111
1258
972
1444
618
1384
1318
314
227
180
449
1121
87
269
1257
164
537
1251
1446
1306
54
382
1015
333
981
1543
1469
1507
1212
900
158
481
132
1084
1571
931
7
496
1125
88
115
1530
1099
1307
1052
34
955
453
1512
877
1202
185
750
534
536
147
1034
562
165
342
393
535
246
271
215
1440
651
1484
749
1268
377
136
595
1542
1445
17
822
11
426
842
316
175
317
947
949
546
851
1308
121
270
901
712
551
1221
563
232
524
777
504
152
1227
600
43
1316
157
201
1367
1287
315
71
27
1565
1519
1012
1520
1433
1019
1597
344
1041
1518
459
48
1492
937
1532
784
667
1214
699
349
1162
628
1216
423
420
1523
183
817
1528
993
833
1362
540
289
880
961
525
37
1050
1326
1003
366
1129
13
1589
1461
1206
447
1213
472
1119
462
200
235
1100
928
1317
1170
245
335
566
611
924
584
910
887
55
117
75
1069
867
687
257
74
1339
590
1059
1556
962
1465
86
1399
780
661
758
1148
1394
1346
154
703
474
978
604
637
745
1545
480
1230
1537
549
476
648
498
1096
1480
569
802
403
159
875
1364
1273
683
926
1538
197
1024
181
977
1203
238
507
1106
512
782
508
1295
1010
9
914
1533
1063
664
844
424
886
1319
619
103
1443
1283
656
761
601
332
1345
1075
1079
486
1378
891
428
557
381
574
299
1282
829
716
265
1427
909
502
111
965
1154
554
1281
1406
735
1373
1013
379
771
397
692
279
124
339
256
1126
191
162
387
298
341
373
1552
369
1237
913
691
10
5
905
586
1355
1228
1266
92
766
539
353
1471
1579
1342
208
214
33
402
828
1180
711
312
1323
948
212
1097
789
351
1558
494
1324
1442
787
997
808
190
632
1491
252
865
1390
807
1288
1488
988
1453
1570
1218
297
1031
555
25
669
477
1435
1190
282
1240
1014
763
1437
544
199
1425
209
1217
1001
4
658
831
15
1033
522
177
429
1561
62
1299
1417
414
425
460
946
294
874
503
1447
832
396
1098
182
179
1311
1402
1337
1222
635
153
790
1458
855
1112
528
850
53
1423
788
138
688
1501
748
720
207
830
810
1020
1194
304
521
1559
1535
2
1008
272
1539
1210
1383
1057
322
1371
1236
203
654
1225
1208
597
1531
1076
530
58
1242
463
497
1134
172
169
452
1032
362
837
1108
1103
73
624
125
686
1421
663
868
870
1110
888
251
944
1177
1292
1470
258
1272
204
1334
326
1263
1424
1576
812
866
1489
650
621
1135
1566
148
1305
466
556
455
1195
1248
479
806
26
1300
1329
774
6
1529
1229
482
523
14
457
388
1466
653
376
897
934
118
827
585
1356
1166
538
1479
1043
1286
320
184
505
501
960
627
696
1493
1581
488
1176
170
338
1115
364
478
1061
12
1592
1381
755
1336
1133
852
198
742
1422
487
706
857
1085
799
933
1477
804
1028
401
638
1044
1580
859
739
139
1366
475
879
885
1245
824
920
334
765
1269
518
938
592
1309
1093
440
360
719
889
60
30
588
694
343
911
149
1372
1022
467
1485
186
1123
229
278
1563
350
407
516
29
976
805
443
1087
670
1142
1182
971
1107
836
1358
1118
1274
329
1223
150
1472
734
770
188
1175
372
1359
243
760
20
736
1127
35
1158
161
708
400
881
287
1064
1509
167
461
1066
1540
791
542
815
1293
685
1262
1438
906
1260
923
902
196
234
285
8
731
368
108
321
408
318
1404
90
895
116
493
871
1502
80
1150
1455
746
141
1476
1136
1083
355
545
1405
248
1428
606
129
1522
1430
1439
915
935
1275
1160
893
1016
399
1174
533
1490
1583
925
561
302
853
873
380
357
989
263
1503
254
275
307
404
405
966
249
1124
346
894
644
1224
572
1196
385
1473
713
84
641
233
1496
1060
1353
1391
681
1090
779
36
980
442
16
1172
1375
1065
236
42
192
383
464
800
778
1413
1207
305
485
1187
838
801
732
869
56
1193
427
213
968
437
1464
930
1219
896
1039
1330
1056
532
1276
1393
283
573
1247
646
645
171
306
1474
793
996
684
133
418
119
798
596
296
849
39
940
473
436
1395
565
697
1291
202
520
1164
31
120
267
904
698
274
1122
751
19
1178
173
104
97
168
733
96
1130
992
974
1456
1379
1546
762
577
1000
237
1575
892
957
1567
128
884
753
1322
983
433
907
1449
431
206
81
371
470
702
345
430
998
728
1253
743
358
967
1139
145
107
1256
416
217
1051
1348
571
1400
1038
1481
1398
599
1184
1588
709
526
85
1049
1027
783
1341
113
106
1584
848
78
671
626
1312
1215
1094
67
527
511
1209
1167
391
1058
744
591
1526
394
1285
575
1078
1073
1074
384
794
695
564
1412
292
1554
908
374
1450
690
862
581
715
421
131
378
45
970
253
1495
1080
57
1153
1040
639
559
932
448
439
1062
1386
1396
458
99
1101
247
964
290
730
1002
1233
689
1297
1549
1505
1382
434
583
146
1377
568
659
1179
1030
1578
155
50
1278
1515
319
1009
614
1082
210
156
324
649
814
484
194
1387
553
969
288
607
701
22
112
945
268
114
1407
786
91
647
1183
1091
835
985
1403
1271
101
1189
1511
710
40
1261
506
1500
529
1462
876
1595
1598
1095
609
550
1313
445
1264
718
1368
1310
250
1510
187
313
1517
724
1349
1102
1147
415
1290
499
280
839
959
665
1524
818
1504
845
1171
483
1486
1141
18
666
570
594
1521
1254
1560
950
328
510
1494
354
1140
1343
943
634
438
1143
803
291
93
668
1088
79
693
1397
1536
137
109
356
1335
100
740
446
1562
72
1144
69
1114
622
435
1280
255
1165
752
999
160
640
174
41
151
1401
1429
52
633
1553
991
46
942
1025
825
1363
1191
1573
230
598
863
1137
325
144
1389
1591
1159
231
1296
490
543
1152
1249
1420
1376
70
1157
953
142
631
929
367
1361
122
24
226
1053
560
883
636
38
1145
912
1146
856
303
1198
700
1284
1434
1220
1071
1301
772
195
1436
1452
1077
1067
1163
819
872
737
1072
729
1411
1586
1499
276
262
1199
519
1392
680
1432
899
738
982
587
1151
1156
166
1328
726
264
917
1369
1238
951
105
1340
1294
1374
1279
1327
135
178
1483
1018
1594
76
1298
347
1070
0
1232
456
1525
244
189
224
1089
242
1365
465
130
413
616
1026
1564
954
47
216
500
98
