1022
86
1413
769
1458
140
1516
343
1295
1453
516
1233
1567
1097
515
240
1044
542
618
1454
1412
684
1124
4
657
152
794
103
299
1331
1186
1306
87
889
1177
265
1506
695
1142
1553
1390
856
622
160
1328
659
1011
1384
303
476
133
736
1189
329
1222
616
960
1426
861
267
527
352
34
114
1267
17
480
241
1579
935
971
310
735
706
19
1377
486
1302
380
1028
677
1075
1277
1364
1041
551
648
56
1161
309
286
1578
751
1344
1088
471
1291
1300
1117
1318
1358
1172
1021
927
1447
252
857
701
211
194
624
1182
91
1436
186
180
465
120
287
76
734
1100
1550
1467
1023
1180
564
452
785
563
232
827
892
1504
1542
1191
419
536
278
702
1551
234
937
951
999
812
260
776
1065
671
209
950
804
363
51
436
1269
1185
249
473
548
1251
1140
780
833
369
355
328
1374
1443
917
1212
1115
1197
498
686
1224
192
913
52
786
1284
942
1104
1259
1481
89
138
1045
741
727
668
393
247
1573
1163
1514
977
753
361
941
1036
297
1564
1281
351
760
1404
277
427
1559
1085
1084
84
1558
349
1547
662
229
485
1091
1325
1007
318
1079
334
916
1512
362
532
9
1316
456
1139
1229
341
319
1490
1587
61
591
654
421
1577
172
1334
1470
606
589
1326
1585
1153
1324
11
1263
594
1375
270
899
699
1502
652
1176
113
1596
840
372
1469
1265
593
819
1522
651
610
553
576
1067
792
1309
282
1460
958
1517
788
400
1468
961
105
1057
196
274
148
997
882
1178
1423
1310
1234
109
432
570
1047
539
1290
1226
1441
1014
1271
41
742
900
1039
424
1496
886
365
494
1533
683
771
339
603
1570
1294
37
492
750
1050
165
462
920
862
619
1493
459
505
1155
795
1437
799
1464
238
251
893
510
860
312
1499
395
1256
914
173
455
770
943
716
1428
1478
868
666
669
768
1393
1101
35
7
533
1198
216
1248
338
562
301
972
325
681
1449
123
1581
1540
835
520
193
1301
838
218
1307
420
580
985
633
1444
903
1051
909
1025
475
63
634
366
885
16
558
1342
620
640
90
582
1098
986
693
565
852
412
800
1125
730
1297
281
451
236
1485
222
853
1090
233
378
316
1505
615
793
511
1568
1126
945
918
831
1396
863
957
1477
1038
1158
906
185
1580
825
1043
1400
1165
408
546
910
3
791
337
907
605
168
1232
839
2
293
529
1432
547
796
467
1203
602
345
386
470
175
202
1012
399
1209
975
878
1399
896
289
1064
895
540
200
729
726
350
1368
1231
541
213
272
1545
1213
924
550
1476
817
25
204
38
901
385
509
779
746
97
723
1361
322
762
755
1280
534
1484
102
394
225
883
1407
1442
1020
214
1530
1571
154
764
82
1418
1509
1190
1241
302
902
170
1009
1010
1131
1538
1367
933
1298
141
259
604
820
875
644
1122
449
514
556
117
1371
346
824
1195
995
70
1330
519
822
307
55
647
131
405
575
359
40
1255
197
1136
130
843
955
932
1157
177
1532
74
1451
775
1544
1292
244
848
1002
78
461
1452
1305
915
184
262
1455
1456
1004
1111
676
1019
655
1597
1170
637
107
254
1450
697
60
62
722
1166
181
1138
305
877
559
679
963
85
815
626
544
1083
448
377
584
949
939
164
1141
1013
1335
1349
700
1350
649
1145
1528
859
95
1257
1260
530
689
149
291
384
22
1092
468
630
100
497
1486
1473
1046
1243
245
1383
818
552
598
574
1372
438
237
608
1062
974
1534
374
434
1411
1296
1169
187
357
1339
5
108
765
1054
1150
423
737
571
1457
600
738
96
228
1042
658
813
1202
1394
1152
1273
1081
501
410
685
263
523
850
320
934
621
224
1282
71
849
1174
806
1357
579
1355
1201
1130
460
15
360
195
538
1110
1524
212
1433
257
1353
198
1080
88
635
998
300
748
911
667
422
283
163
599
521
1395
1471
577
718
844
353
46
472
1048
1495
829
981
59
231
243
1275
1001
526
258
992
65
458
508
1060
1118
1037
1376
118
627
1252
1293
905
1560
24
747
1311
1015
1109
1474
335
587
1205
613
134
79
631
1519
953
787
358
443
704
207
1066
1507
1510
1536
759
790
898
248
1336
115
522
1497
1278
191
1187
1103
215
1482
1230
725
203
1427
585
483
155
235
1303
1268
845
672
965
80
1513
1373
21
246
428
1379
506
1270
628
826
1491
923
708
1314
347
1312
984
989
962
904
1526
572
636
315
441
926
12
381
42
1440
1410
568
595
887
713
1123
1183
1369
1151
33
206
578
306
675
314
609
978
632
1391
1119
49
1588
1288
607
143
227
1192
809
1462
596
1576
645
153
1406
159
1492
1489
1508
502
678
418
1242
58
183
1082
772
1332
205
1017
217
1220
223
1500
1359
1419
674
142
705
976
894
1405
1059
944
698
1146
1206
1366
1414
161
1392
561
938
847
292
663
242
808
1128
188
1380
597
48
69
720
1143
36
221
1200
430
673
1087
567
1286
373
940
1003
1073
1408
10
1218
344
1583
947
1000
1488
1562
132
1162
507
1106
1105
864
881
646
1217
1531
268
1365
512
1056
1113
106
1598
1313
1254
1208
1317
290
367
1159
110
1246
1515
30
948
1164
354
688
445
535
1584
500
801
304
1008
919
993
717
656
166
807
1327
239
1029
414
1501
1521
797
1184
388
1343
1351
1204
555
1590
144
435
832
524
111
1274
1475
733
1386
744
1563
1031
1171
789
1211
1461
1333
1262
279
1586
1154
162
1133
43
1487
611
756
93
1032
1238
54
1523
32
525
545
1078
1207
592
1421
125
128
664
946
425
137
876
150
1592
104
814
1337
356
489
650
391
1253
866
135
1285
1272
1149
721
327
1348
1237
1107
982
308
1340
1018
450
970
190
72
147
1569
1463
296
617
873
1549
490
112
413
837
834
929
1382
376
1518
1221
1089
379
371
846
1072
590
1537
261
1194
484
317
682
1068
1425
1347
773
752
284
643
176
855
867
1181
53
1594
208
23
1362
50
740
1511
743
1279
1363
437
1389
1439
57
493
488
973
1287
871
402
92
823
1431
810
1196
642
67
332
275
156
321
1210
288
836
1402
68
1058
116
1525
285
1245
1030
1086
660
1416
816
851
707
336
967
1561
1035
1052
426
557
396
549
370
442
757
1193
433
1299
210
1539
1529
1323
828
447
928
453
199
566
1575
1227
1422
340
387
1148
182
936
739
18
1370
1341
1188
1385
1276
1264
151
479
1173
271
311
854
127
383
714
1236
774
1016
908
969
745
709
1094
513
922
1040
692
821
1289
1179
805
925
1247
879
783
404
1338
694
754
1223
991
406
496
1424
880
1417
930
1225
64
858
912
569
629
411
988
83
146
1494
1498
1535
276
1239
14
1099
466
1261
6
865
842
295
253
230
777
1129
27
661
45
1006
1308
1401
504
543
1027
1415
641
157
129
1114
1381
174
1235
581
266
954
1329
1582
264
680
1520
931
171
382
732
429
1480
731
1167
614
444
691
979
463
1555
1076
1354
398
482
1479
294
1074
990
158
518
99
98
1061
573
1320
0
1160
1409
1266
397
495
121
728
250
333
1435
389
784
1556
364
1102
1283
710
968
1448
324
298
326
956
1321
26
1593
331
1352
1112
392
1216
478
1403
1459
464
124
778
28
439
1465
1378
554
342
44
897
313
1108
891
1024
711
417
1565
477
1554
639
1438
94
39
1034
623
390
431
1147
416
415
670
531
1244
841
653
101
1356
1215
81
126
145
1168
761
178
1541
440
1250
401
