725
688
495
450
1546
269
1054
1227
1017
359
123
54
320
1101
983
5
175
482
1556
957
157
295
749
432
1196
456
1184
672
1477
1229
1372
95
161
641
975
18
683
948
217
208
1176
166
27
824
684
846
629
0
1033
421
1514
470
1263
1368
416
933
966
815
1262
1320
300
1016
323
763
1566
866
1510
888
341
1410
744
199
699
242
530
1571
961
263
1086
1379
1489
1342
1032
265
810
19
1169
1565
774
1421
1015
1265
292
121
630
514
15
856
315
726
378
1413
611
251
825
1240
754
1451
1586
1587
1005
1267
1431
1488
1254
1371
775
1453
787
584
447
719
59
637
183
841
1193
37
836
892
1170
364
102
1396
1538
127
187
311
69
665
891
1553
619
1520
1069
498
1180
1235
1559
1248
1532
620
609
997
326
1366
115
438
431
1127
13
942
475
927
1115
977
578
935
837
1399
1216
1294
549
949
409
937
1536
1448
1346
995
215
676
1305
452
113
732
1584
1232
1361
462
1059
233
1108
895
1065
338
1326
1589
103
1133
398
1073
1475
860
692
769
1181
281
136
1252
1280
1226
12
41
1050
1292
1219
20
870
1118
1506
149
73
902
714
623
946
10
1486
366
176
1461
755
50
1516
449
39
705
575
445
515
211
691
861
944
1592
1157
1502
1297
1
1534
29
377
598
1496
1323
1207
651
280
655
595
1256
153
1140
1392
120
1026
608
900
1155
227
589
1332
1241
1242
1283
284
562
567
435
491
184
1121
1052
203
793
627
767
980
740
1223
1530
329
207
1405
325
1352
723
1117
1535
1309
647
371
477
67
690
437
21
414
375
941
1217
1208
924
143
766
80
484
1479
214
1144
1178
1515
31
455
1177
1153
1493
1035
373
407
362
213
1522
230
92
1307
1281
931
478
1042
165
1319
1128
249
953
1156
385
943
739
991
1328
796
1066
389
288
1021
1313
1476
1363
877
453
1509
465
142
134
908
1228
226
106
244
353
730
192
158
990
1273
410
367
402
599
96
261
168
1394
970
756
1312
965
1409
1007
1345
930
1074
1116
689
666
301
709
397
1463
1551
826
583
1387
1395
241
840
842
1189
278
193
1310
466
1377
788
925
1175
853
138
1192
1386
987
932
472
1110
159
1541
23
540
742
461
610
1239
220
420
7
876
520
538
830
1335
1102
1564
428
222
773
1343
1200
1075
35
512
1318
1022
179
1424
1222
747
923
847
1558
831
314
1160
1528
734
698
135
1304
1278
76
219
1103
474
1467
1080
936
145
640
561
533
425
1533
1025
531
357
636
1055
899
1501
1284
190
1100
395
253
1333
1347
1416
1298
337
117
97
1526
1202
660
302
1186
1325
687
1545
107
1397
1047
1458
1076
1450
1109
1358
171
164
649
543
1505
536
839
920
303
1548
1148
794
901
906
1364
914
381
1428
974
32
737
1391
1447
180
22
62
1161
560
480
1010
1095
1459
133
882
403
1460
195
1492
643
1588
1321
45
56
319
298
1373
1330
1418
333
257
110
507
1190
476
951
508
588
605
1389
181
287
717
1063
1210
803
1122
1199
1205
52
1149
1264
1268
1552
735
1277
615
1339
1527
1002
959
915
544
331
770
191
559
1435
406
139
1420
423
701
1060
345
653
336
496
778
833
197
386
751
308
1301
626
471
693
1078
1384
282
170
209
122
989
1374
517
1375
1524
188
1198
910
771
1013
1195
872
765
79
1572
1360
1146
999
459
1062
1383
1020
1151
167
1415
1119
569
1045
1147
1598
521
1406
1213
1316
1567
1443
99
104
1225
546
60
1230
346
1404
1166
1150
316
1542
658
147
1308
286
426
1214
309
509
1314
396
697
638
146
1088
252
1468
1046
889
169
939
294
1521
162
1038
814
6
635
160
703
1388
557
352
393
746
695
780
1408
411
809
893
137
94
656
682
510
792
224
205
632
801
571
255
817
871
124
1423
955
1577
968
1215
1390
718
317
590
469
1238
1209
963
516
43
436
1206
1439
116
1096
238
1518
805
503
1578
234
838
1040
424
1302
982
1043
552
659
479
1525
585
1337
1084
985
131
1057
1212
1596
639
1031
1152
1478
556
296
979
1583
545
489
57
680
1089
392
340
998
500
55
1112
768
1008
553
419
634
258
1452
260
1512
790
816
1250
443
250
628
1012
1519
155
321
358
464
710
1187
973
3
1275
246
1576
156
417
90
360
579
1083
368
764
163
1285
1362
1290
1454
1400
324
47
806
492
886
828
285
1593
652
753
513
201
148
960
1351
1581
576
347
863
926
1039
1068
1158
1344
1331
738
708
848
1540
782
1562
1090
64
441
223
694
383
1082
463
716
245
186
444
61
727
442
1185
984
1136
1324
1359
1218
844
1099
1162
800
108
1188
200
802
89
290
558
829
1367
58
68
1061
1221
1575
1191
1296
622
1393
1382
271
819
1472
879
1165
312
429
761
667
568
1355
1034
440
898
71
44
781
1414
430
1269
93
1480
577
1131
1508
1370
580
1011
235
779
1550
46
125
938
657
348
1194
1009
919
1087
1163
1105
1260
391
885
1412
813
600
518
216
1348
1381
835
696
1274
448
981
529
555
1028
962
344
1353
940
1433
606
1507
883
2
185
834
81
818
1585
172
1255
343
66
1469
85
772
119
415
1018
791
229
967
1249
1174
1079
903
1594
1560
1159
654
1231
607
760
24
913
873
1419
874
228
1531
1132
413
958
733
1234
1311
921
1561
971
173
1183
785
361
11
100
1354
439
384
1446
1211
596
154
388
1317
1293
712
433
418
783
1495
65
486
1499
1494
267
798
189
152
1048
859
458
1134
1503
645
758
84
502
1511
674
1276
1385
617
804
109
722
786
776
1491
1172
132
236
63
1004
1425
1365
1432
1171
36
731
1098
526
986
225
310
875
1130
264
1590
644
711
394
945
1579
1085
277
1261
650
741
248
247
1338
648
30
339
1473
273
210
1434
827
894
335
670
947
976
51
78
1067
704
1378
604
306
350
401
1554
1570
752
797
212
669
88
1444
1107
1182
857
1563
1465
1517
565
934
587
451
342
387
1113
82
582
1006
1266
49
1438
759
1369
525
854
202
1247
594
1168
706
1114
907
646
468
592
1573
978
911
675
1403
87
663
497
1167
1049
8
405
912
408
322
1487
952
1322
83
151
28
70
177
262
112
1441
327
1427
488
777
905
1001
686
490
1201
566
1464
1092
1582
182
1138
745
382
954
918
467
850
736
992
917
1081
1014
1481
795
198
72
743
612
494
351
75
1474
890
1574
1236
812
573
1056
330
1036
1417
307
111
534
17
554
1595
1498
1402
274
668
506
1299
128
237
799
996
412
434
1591
1327
305
457
243
299
916
868
681
1437
254
1289
591
527
48
1179
256
1286
369
499
1291
1449
878
34
1233
1466
487
887
1306
548
572
869
757
519
483
1537
621
114
349
206
1123
1041
150
1497
1440
1455
38
581
404
1097
929
86
4
1436
16
1398
1456
1244
1258
427
1142
1104
33
993
446
1197
624
1259
677
141
14
1023
218
616
380
291
354
832
1091
823
1484
1111
363
807
1376
473
867
864
1380
845
355
276
1137
356
1071
130
950
789
1340
1237
1000
858
614
852
597
720
1037
1580
551
1485
1568
1422
505
1106
1555
1093
481
1139
820
1094
563
1411
724
613
1126
1401
239
1490
1058
748
1135
1557
1072
1315
268
821
374
1334
485
1064
365
542
1597
194
1295
501
1251
1288
1024
1357
1053
904
1547
602
74
700
570
988
1350
259
664
1027
1539
1356
40
593
1426
1500
862
762
1270
318
1044
221
922
1154
304
