1303
921
354
112
1342
1542
1480
1302
621
166
1105
440
574
7
385
1419
1441
65
540
1539
386
1366
697
310
110
189
1274
64
965
1218
937
35
857
238
1285
380
904
736
288
1475
1538
1001
806
447
750
285
1562
865
939
231
356
321
971
807
1364
794
1028
769
1032
428
1215
1162
886
484
1232
1268
1421
453
793
142
687
875
114
877
1063
1416
591
1187
185
1417
679
635
1235
955
930
1216
530
968
1494
1093
1136
1448
274
1121
1488
14
109
455
1266
1039
473
548
178
82
944
610
589
1042
1223
1440
1233
1355
514
914
1402
152
309
113
1398
1550
1258
383
1081
297
506
1183
1429
1301
44
695
400
228
541
1095
781
810
414
267
402
104
1078
1518
827
1377
1529
1353
357
1300
809
1466
422
632
1332
281
1027
577
1180
1224
80
667
467
312
662
331
390
1040
184
426
52
1099
176
963
15
569
1190
1517
1361
1399
25
433
532
586
1553
668
1563
497
1172
425
1149
72
1109
765
704
1131
196
784
416
1461
863
218
1146
404
817
275
1202
1204
344
942
214
729
620
583
908
1267
76
1351
1435
1496
1035
394
804
1272
1527
1000
306
789
1222
935
732
993
403
1381
675
1414
853
1050
38
225
509
1498
630
995
485
925
776
535
739
820
8
1403
759
253
813
997
948
1546
300
1379
1203
1264
177
227
949
100
179
1192
597
397
1254
1262
148
439
1152
1256
83
612
709
604
226
26
276
62
134
1559
696
1330
125
137
57
211
580
1156
350
1385
1087
1478
943
878
862
516
1397
1492
890
994
836
1150
456
92
6
928
198
770
647
1362
1054
69
970
1371
933
988
1299
11
1158
1552
799
47
893
692
1011
1567
985
859
1311
322
375
210
511
405
1036
378
1230
382
1576
139
122
1310
1561
367
1126
480
643
945
564
1207
1279
1091
573
854
869
1396
174
1469
1307
245
615
1395
1382
307
1191
406
1433
1084
1462
1501
716
40
498
842
294
703
436
1503
812
1086
1243
1184
170
448
1052
644
1019
156
671
1104
160
1437
1221
1415
852
866
222
171
419
1387
763
1515
819
1118
304
1283
903
413
478
1326
879
664
337
1568
89
86
787
1249
832
773
822
1069
188
249
1269
126
392
107
701
524
401
611
1349
982
17
906
512
845
1389
546
748
1107
28
250
1536
373
628
722
1049
1481
314
1350
1100
1289
613
1281
851
680
1418
1290
443
145
1090
1079
623
588
1189
244
562
1252
1447
372
1102
609
757
338
70
23
663
551
1122
1471
135
1070
366
141
1352
522
302
143
1277
1511
825
330
881
1593
194
1141
458
27
987
603
1329
900
721
286
388
379
284
560
1037
617
71
446
215
353
1284
536
1239
68
786
792
808
376
1493
525
348
186
1428
561
333
264
1308
1062
596
1212
992
1053
1512
96
830
254
271
1464
1229
870
624
1341
219
1148
1163
1034
1532
229
996
593
1159
438
496
924
408
1581
1043
909
746
976
676
1003
772
661
727
10
236
102
1315
1508
895
501
1566
1015
1306
1426
594
587
1211
1312
1088
454
341
190
731
437
316
311
1082
634
1598
51
1334
1528
161
1236
821
1014
1186
1400
961
295
1313
1077
816
967
1585
717
1031
1485
639
1490
669
720
1278
515
861
1291
575
293
896
1089
32
410
412
351
1092
1444
477
1030
581
1588
119
49
839
319
537
1153
919
257
197
974
657
1114
734
640
910
510
1370
858
918
193
365
1188
1164
1375
693
489
964
872
768
1510
1439
1406
1060
1586
527
461
688
520
1147
472
707
1514
499
101
364
1432
1120
138
270
1316
173
463
584
180
1476
752
1592
164
1117
87
637
651
1557
369
469
1590
719
1548
682
742
1101
417
1241
1265
1072
1185
423
457
856
1445
482
894
1574
1344
751
1059
1453
289
788
655
1319
1411
127
1296
929
384
1565
268
600
1057
58
466
1085
1369
1412
48
1288
518
1410
1502
21
213
1226
1132
1009
1065
1359
1526
1055
1259
627
1519
120
387
1270
278
956
1325
1250
262
738
619
370
1106
677
1139
946
1468
916
111
9
153
1238
1298
785
240
263
665
1041
814
256
1008
1522
97
1129
468
777
958
421
154
1
1407
824
1446
1016
444
892
660
659
232
1409
1573
730
303
599
155
1457
598
783
702
850
471
1144
418
1197
313
169
430
989
1245
711
1331
542
279
1499
305
1013
487
1108
124
678
959
503
606
336
474
782
868
1363
1520
1169
1591
848
1111
435
700
672
150
1181
358
291
259
1201
922
947
1483
1244
555
1046
1029
1051
324
67
656
66
136
654
1064
775
326
1227
1427
1333
689
37
1505
754
116
363
242
94
235
1384
760
377
500
362
1006
1484
521
902
1024
558
165
1431
1295
90
191
1443
340
123
172
953
1198
1217
269
913
128
29
1213
790
834
884
891
553
452
607
556
800
605
1460
1378
725
911
1584
59
1345
557
129
349
108
18
315
3
1343
1422
831
801
432
1347
622
1521
990
99
1113
1338
1541
566
1572
576
182
1206
77
1098
1157
849
265
1145
147
1320
1253
22
684
121
1451
1455
1340
1293
91
873
233
1491
1021
1010
217
1170
157
999
1080
753
1075
475
1405
1318
1555
1516
779
1199
1061
1540
1360
1133
1579
407
431
980
998
266
396
670
355
320
1449
368
301
1368
568
646
874
1140
723
243
175
559
1537
1450
1124
567
1509
570
699
871
55
602
296
1119
966
733
1456
633
1594
255
56
728
334
883
1467
1110
791
1356
1173
1017
1251
1182
53
1246
1237
280
1549
130
920
1438
1314
318
19
544
1125
1263
1424
1200
168
483
710
230
1531
642
1404
829
608
705
204
673
745
1020
187
13
237
650
1578
1580
1543
841
427
290
323
328
361
216
741
938
424
1242
1535
1544
1551
1045
1305
847
1324
1195
1413
118
1477
183
685
771
846
950
4
398
199
42
726
926
694
826
78
1112
638
202
1234
833
1135
1474
287
1154
476
1357
601
1583
1577
579
1196
550
941
1276
43
936
984
840
519
88
1595
1214
860
1240
1465
795
1322
1048
1292
1376
578
149
762
1452
648
864
1470
1489
798
718
590
1425
636
1209
1367
1374
1304
75
837
631
1123
207
299
492
16
1365
1392
81
1134
1507
451
1513
347
488
549
1073
838
1038
724
1286
1297
735
616
932
991
464
828
1219
691
554
277
1007
1533
755
979
479
952
1317
1033
84
517
658
1044
224
272
391
1231
951
618
1454
462
1025
1166
1346
389
1067
978
1115
571
241
1420
115
1225
486
1500
359
146
1523
543
1076
547
327
1391
585
1002
1458
1337
981
1247
1165
1177
983
317
743
1103
1176
1388
1525
805
1473
203
513
1058
1335
61
572
1506
36
802
766
917
1393
747
167
1160
898
737
1328
20
835
1339
1556
1074
940
420
1261
1358
159
531
1560
24
345
1390
381
504
1321
131
986
221
1220
1472
1430
592
1582
260
1174
897
248
1589
1127
200
1486
494
582
880
46
713
450
282
1142
1094
715
339
708
526
1143
1597
505
192
205
1273
653
1459
201
774
1083
1547
1175
1155
158
626
1436
343
106
1116
674
1138
565
758
690
1354
220
529
780
490
815
1482
1178
1260
1564
449
823
1554
117
105
1066
85
181
706
528
212
1128
1171
252
1327
867
1280
915
1442
1336
744
803
1373
796
481
954
95
1372
901
507
371
1570
1524
523
329
1408
1571
247
1194
1208
493
934
1097
973
460
1575
5
223
641
1193
292
79
508
98
740
39
283
298
538
698
882
132
756
539
1479
