816
1136
414
294
940
336
823
778
277
808
464
987
388
1365
1314
624
1329
1212
1419
936
1146
1103
884
791
1229
302
1192
1235
84
1070
1157
1119
284
30
678
1210
668
376
110
375
1407
761
288
202
424
615
70
782
206
209
994
1003
1057
1253
412
1501
457
600
240
1021
554
1421
706
225
975
1439
1409
59
434
687
359
1342
562
794
920
572
844
892
329
254
476
1064
447
198
640
85
639
244
502
1551
1265
306
390
623
1066
69
784
106
384
516
189
763
1257
698
360
79
453
957
627
1531
1120
1595
728
373
911
112
783
257
247
907
570
566
1462
1205
1392
1455
575
1306
440
656
370
1311
946
680
433
622
470
1275
1405
146
103
1077
595
849
40
1526
770
378
1092
758
1142
222
1449
1185
628
1012
1490
584
890
1246
1160
967
1399
1266
101
1340
868
1388
632
1112
96
551
528
1509
1048
161
1031
379
820
505
696
824
642
1541
1143
964
1133
1113
1323
997
577
637
335
208
545
108
1090
1232
762
757
1129
597
155
910
352
991
899
1156
1521
121
1357
1510
512
133
1046
345
1507
1297
743
1249
296
527
533
1581
1436
115
479
80
509
552
916
450
355
190
1236
180
9
164
273
828
249
151
544
422
65
1413
328
1015
339
1416
1193
1437
1258
591
1110
416
1557
1147
194
1550
472
1032
413
1474
471
1368
275
1099
74
1286
1208
113
497
547
1061
1002
1117
363
41
229
1299
1397
126
734
697
235
1589
681
482
974
889
960
8
1145
745
458
20
937
144
618
313
529
418
507
834
1009
821
382
54
799
1017
203
827
1466
1247
521
143
36
1217
114
1271
675
1504
152
626
1350
1435
742
1148
0
224
789
796
1586
1547
1438
517
583
793
1404
1441
538
1426
913
1545
1170
1362
1025
760
546
803
1327
1525
1493
1227
1411
1498
66
397
107
537
1343
1330
685
1030
769
651
535
1230
237
22
1433
27
310
1107
262
34
1223
1385
1007
134
142
130
1131
998
1488
105
1125
1161
183
1566
1281
15
501
243
2
1214
503
309
1037
1178
97
1179
956
1298
238
486
1014
1280
293
875
1487
1074
1571
364
682
927
368
531
845
1169
292
473
585
779
1084
1041
664
896
801
1564
1290
1353
1035
653
1059
425
1276
800
641
483
1479
1105
1138
369
182
928
817
750
88
1153
442
255
446
670
241
417
888
1349
210
1590
1024
1383
923
1446
1503
437
311
695
983
1576
693
914
904
285
1593
961
227
57
815
650
1198
795
4
404
1010
205
1111
601
1243
1505
270
214
1573
92
811
282
1006
1459
1256
242
841
1042
317
226
1588
931
989
1296
1085
550
906
1345
629
508
141
62
233
123
1279
985
12
1445
669
699
1199
1322
301
725
1075
1356
949
199
166
145
930
1584
746
261
1069
1285
694
732
1574
887
767
1540
448
1093
1403
731
1106
150
1442
1083
1494
1543
32
1375
1065
990
1453
86
826
135
460
1539
295
970
197
749
738
383
973
1158
439
765
1457
659
1262
372
948
14
556
843
52
1312
988
886
861
541
924
212
539
71
860
213
1596
430
1174
1515
1402
1004
1348
1215
633
504
996
877
300
172
76
263
1213
1473
168
971
1308
1538
1514
46
683
28
1260
873
178
37
173
1109
771
147
1282
1207
748
880
865
43
510
1071
1542
423
1218
1078
75
1339
1121
117
1430
402
788
1127
1011
1568
58
1489
1598
555
1359
160
942
1583
1381
5
759
366
496
676
291
415
691
90
245
702
323
120
184
449
790
367
1422
95
1325
1517
1261
559
714
1301
1096
492
1056
374
1163
348
299
1366
474
644
1344
1382
1263
252
1384
737
802
1500
561
266
1087
859
111
1018
1196
1569
1427
1126
452
853
1183
672
1377
1013
1467
1072
1172
657
1373
217
1284
283
1191
933
455
137
1130
1067
958
33
893
322
992
354
1291
1477
773
1168
1052
445
565
921
1320
576
1206
634
589
511
1044
809
830
7
605
1592
98
804
358
223
524
269
848
1346
1372
391
1448
1361
548
462
1482
1081
193
878
1307
1195
1149
1555
775
593
347
506
1124
1408
3
852
1082
256
1244
426
500
1354
993
567
986
1304
6
459
700
523
1519
39
1116
534
747
513
48
1200
191
526
18
707
1292
1283
602
982
341
484
952
581
1499
1529
1535
1481
592
912
487
463
259
645
540
1469
187
871
1237
663
162
156
692
881
1460
717
140
265
1086
192
321
704
660
953
963
338
1201
438
774
1374
1033
1530
751
607
701
614
72
1289
158
350
1277
228
122
1336
1594
716
846
1108
1068
1570
1420
466
951
278
248
153
401
522
337
1316
51
1484
325
647
1337
216
87
171
603
709
658
739
857
630
287
929
334
1039
454
1123
532
1431
356
752
307
1418
281
456
735
185
787
1073
1429
1412
55
488
1091
1242
1561
1134
718
898
959
1220
835
351
1255
1495
16
560
1114
175
260
1054
1578
1396
612
1328
330
1376
1387
563
764
1370
772
1216
1239
1425
253
19
862
274
1094
703
962
1443
1358
1534
1053
1150
1027
636
44
26
1060
813
289
1016
163
1478
926
1180
154
1326
349
271
549
1398
429
1401
1139
1553
1252
1051
1565
432
1182
781
754
776
569
1364
1254
1222
319
332
786
909
407
406
215
13
1572
465
1575
219
1491
411
1047
196
1128
1186
1000
38
1300
1190
353
125
1548
810
574
221
1293
1546
1334
129
1424
1587
1333
1440
324
978
797
766
740
1379
1005
891
1241
1269
1224
480
1234
81
812
102
1492
736
969
1098
1173
1496
780
116
604
673
625
395
131
1434
1259
316
1181
99
1144
49
608
490
1171
999
195
1393
1211
394
118
1159
1428
400
1020
17
655
1552
1154
836
73
1177
1527
882
104
1238
220
239
850
381
840
1480
478
64
67
968
1115
619
720
1102
579
1135
491
1184
1295
268
264
755
398
83
724
1140
1137
362
1026
723
361
885
613
661
1245
1512
77
1585
1104
304
290
380
186
965
297
493
768
542
712
1272
1226
280
1273
1303
61
1338
405
177
879
1175
1231
1580
719
854
1332
1558
621
1118
1524
941
1034
1355
730
950
100
1497
1389
1209
901
1417
1076
1395
1001
674
392
1278
204
1390
689
851
1458
807
519
839
874
124
1520
677
947
1321
798
1197
200
1486
303
1363
1045
822
436
1310
139
276
1095
895
1008
1560
1062
461
1324
1
47
1371
1049
1369
298
1523
431
708
467
489
1536
518
1225
1038
938
684
1464
1335
980
1313
729
520
279
435
919
1250
318
132
1318
1597
1040
308
272
586
1302
1219
609
688
149
386
1559
620
93
606
481
1029
1516
1189
753
1562
1360
876
611
1228
870
1063
1203
403
1088
1122
29
1522
1141
63
1528
1132
410
188
327
902
231
1451
1461
594
148
469
342
408
420
935
558
1391
1204
977
1400
721
667
1315
1287
1288
82
1167
1233
1556
1176
1447
1386
1483
616
711
686
499
31
250
596
944
181
972
1022
91
617
671
1268
900
643
805
1450
23
818
234
78
399
530
344
1341
1023
536
939
320
979
1511
1454
662
856
495
866
1317
727
377
331
1055
56
863
326
346
1508
733
1506
1274
1414
305
174
515
1456
167
610
419
427
883
1165
1331
1028
1194
207
588
864
50
1533
646
915
159
1309
1155
179
722
582
869
68
21
218
897
1294
428
1463
832
53
498
1394
652
1591
1187
1019
1471
1444
396
917
934
1101
1582
1270
995
713
343
357
557
573
409
312
1518
136
1352
806
1378
1058
847
94
1475
1380
