1212
1353
657
718
151
380
1301
16
692
777
760
1577
1123
1004
1041
1573
866
1344
1136
769
1385
242
1412
232
922
986
235
856
1374
508
915
781
1578
1039
1055
1316
227
1017
935
228
740
1386
1359
799
783
764
1244
1431
35
588
1050
1220
1063
997
1145
801
705
562
521
1526
517
981
1164
744
989
167
1487
250
1293
1188
409
852
1038
1323
1205
1081
463
1432
1568
361
484
456
912
170
107
93
1509
677
1501
1457
1007
1019
76
1343
727
1545
1355
1312
961
469
1345
1057
699
1014
1580
1286
217
640
643
124
374
1569
756
557
816
725
818
749
648
1481
391
979
661
869
462
121
853
453
900
325
411
130
183
24
231
200
770
316
1011
1395
1400
246
653
198
197
943
1465
87
589
656
1091
1542
1118
865
953
567
944
1113
1513
845
1144
1185
1549
586
1361
209
221
202
587
754
400
307
789
735
616
1125
331
428
776
681
1262
1278
116
1137
1006
1507
870
839
1285
1056
1336
286
211
265
1070
1237
318
669
871
1511
594
605
393
81
204
129
807
684
437
724
1460
813
901
892
515
95
638
899
399
162
1046
798
906
450
1260
810
1473
1520
919
28
128
1514
1435
1152
7
639
392
1346
531
1443
1348
55
1564
406
1147
1492
1158
215
905
1150
833
1311
369
1591
327
278
178
30
780
457
1173
771
1324
1358
1024
360
541
1281
155
1153
528
174
972
472
828
345
882
57
146
631
140
613
135
1053
1517
370
402
674
524
438
708
1239
963
846
213
298
1531
930
74
808
1467
354
1306
236
1595
1268
33
502
747
1045
160
216
1216
1596
1267
29
125
1280
565
326
1425
601
489
65
860
108
1210
1597
1411
1391
505
579
668
835
578
5
951
1307
819
942
1018
721
1067
939
1326
706
1002
1404
1455
834
268
570
1076
412
498
739
762
403
1598
1536
1236
372
1571
224
558
1424
983
647
622
848
1114
455
253
431
225
1376
83
454
991
50
179
1434
1111
1371
1242
618
172
1135
312
166
501
364
1291
433
758
980
1339
1515
509
753
163
1186
61
175
973
338
143
730
259
1133
1440
1179
1366
267
719
1251
612
126
1452
1010
295
1560
201
149
186
548
1110
432
506
490
1061
1277
1128
894
555
785
500
1259
470
988
1495
710
181
476
343
1265
1149
237
842
682
849
841
1329
702
366
516
525
1231
782
1331
1500
123
763
1227
792
947
620
43
441
31
1048
790
604
264
184
251
1566
106
1117
889
797
514
304
1078
44
467
1052
1505
58
98
418
693
1012
1214
1194
794
772
1204
458
1105
984
1029
1043
1059
537
1083
1562
748
1471
821
609
329
1546
786
1363
321
1097
1263
1126
207
1156
447
375
974
738
1209
812
134
9
397
466
844
1540
755
285
1414
157
495
1060
1192
324
1347
1134
180
69
11
969
1408
523
608
1389
1461
1308
1069
188
10
274
335
493
512
464
497
8
301
1122
1116
1021
624
427
6
700
1243
1217
903
893
1203
145
895
966
119
492
1037
920
743
120
1132
330
459
1302
114
1073
26
1368
1510
732
1075
103
1224
649
1051
1206
1527
530
802
1589
863
676
281
731
538
196
1384
294
68
956
1351
1478
938
487
746
533
1466
38
1521
1079
1480
1349
1101
685
1249
440
686
1099
385
1528
1451
104
1585
1561
1534
1030
359
879
1077
15
1427
1102
583
690
63
532
934
522
1218
299
159
904
1574
1333
1256
924
1488
1397
1518
96
1547
1403
993
619
1279
767
728
803
1584
482
627
765
998
64
1441
1143
825
654
1356
473
1245
296
784
234
257
881
283
91
389
1240
1264
290
1372
161
79
206
687
1426
573
1169
673
1554
1094
1098
606
1556
545
626
1421
117
1233
245
1020
726
902
607
1519
987
1189
336
751
1381
1165
1223
152
1533
814
309
1297
577
1382
566
875
1062
907
1436
1354
247
1499
1200
1155
1232
1388
600
646
976
1375
1269
1040
913
1472
582
77
34
891
194
836
750
941
911
507
569
1557
468
1215
189
1009
896
1325
222
379
886
590
1428
376
118
1213
1586
1072
37
773
97
611
745
270
1180
423
737
1337
1506
964
1284
276
1516
1197
1177
122
957
1000
660
761
659
351
857
350
1115
1553
733
1592
1171
485
1486
1015
1529
377
1552
635
709
429
314
610
442
323
553
239
1161
723
1261
1266
805
362
679
1095
367
658
887
918
958
872
297
568
701
32
1498
300
425
1168
652
415
1028
1430
1364
929
72
1219
53
173
666
1026
435
519
113
407
291
255
1054
1373
185
445
574
261
191
1157
691
371
1146
139
672
322
386
1362
1089
226
223
671
1357
262
759
1398
1497
420
256
559
793
102
741
3
534
996
678
1367
158
378
387
1191
73
272
483
876
1127
137
111
1023
1450
86
1380
449
136
575
165
1469
1575
1328
885
1415
1090
1211
1399
967
959
90
1503
1593
480
51
779
927
637
271
56
1270
897
390
1489
141
1049
60
1253
341
1319
150
1131
1108
1433
1230
1453
990
1309
1235
696
408
543
564
539
768
1493
697
282
1539
23
1405
909
1031
597
704
985
214
1318
617
443
248
205
154
444
1151
544
712
795
1082
344
229
757
1074
219
766
352
342
1058
85
1576
1142
933
1193
89
683
355
1321
675
212
195
177
1300
1250
405
1170
59
838
717
84
434
1579
680
305
49
1413
13
1283
630
1352
110
1335
340
486
131
488
109
874
1226
1538
1494
1582
1207
518
975
1456
971
461
328
88
1587
1322
424
1463
655
1525
280
925
112
928
641
602
742
1572
1294
804
1016
176
561
864
615
1190
1148
478
591
1537
1112
220
822
138
334
787
1314
1027
398
36
21
978
644
1406
1420
230
824
1292
1109
308
40
729
1201
1107
66
1535
883
18
1086
1392
1092
670
1257
1464
105
1252
1119
1032
1290
315
382
142
1033
898
1458
1445
1166
22
192
1437
465
82
950
1248
481
347
1491
269
1047
855
396
1479
1160
632
452
817
337
716
775
1174
916
27
527
416
778
623
1483
554
78
1228
520
511
1330
357
1383
1065
14
1022
169
39
127
421
851
1470
381
1563
210
313
187
446
1327
1544
241
1162
319
115
1172
320
1369
19
560
580
809
806
1448
67
688
99
584
1138
1410
1570
862
164
1124
694
1178
948
850
1303
1541
878
529
1005
346
1225
1396
479
208
651
1258
238
774
714
603
1340
491
1080
858
1468
1273
1490
629
1003
1025
368
955
1559
663
1001
1183
1485
1238
1438
144
1409
168
1296
1310
1315
193
908
1121
365
287
1393
945
244
1401
80
665
1475
430
1087
1439
1402
1254
1167
1274
634
306
1416
1581
650
1096
1496
147
1370
1129
890
503
970
1305
1035
70
703
598
273
854
1444
713
542
475
1175
585
349
1044
931
339
1068
800
884
1187
1198
384
1289
636
1350
4
992
581
1387
642
263
284
1154
1241
827
1276
254
1524
1565
960
599
436
293
1390
1103
698
1202
1588
847
448
614
1064
12
394
1446
830
41
1530
1583
791
75
1548
190
218
999
383
1229
240
1013
1504
1502
510
536
1377
47
1100
910
1558
62
552
277
1476
504
921
499
877
45
422
926
388
404
595
563
952
1484
923
156
289
1418
820
715
1084
71
266
1106
1159
0
132
148
1182
1341
451
1287
914
1394
1590
571
1342
42
811
1139
1417
1423
1140
968
880
940
302
311
1282
1163
373
645
101
1532
279
949
662
1447
1360
249
243
994
1008
1512
2
823
17
1462
551
621
540
1141
711
1222
20
