797
566
1402
356
520
327
60
1404
1169
1088
798
328
198
1436
987
1105
1175
1373
968
573
691
605
396
12
325
468
1297
399
300
1077
773
516
344
1217
885
199
326
19
308
1360
1036
957
410
113
92
1344
652
775
435
1167
576
1390
1311
307
1579
172
1063
754
423
905
1145
1502
948
416
841
1349
434
1107
32
687
589
814
1482
303
733
1193
1343
1086
842
919
1042
184
285
1119
270
134
1013
387
244
1246
1060
803
726
852
133
553
59
1276
524
533
1101
56
1516
282
1064
417
1444
844
1122
690
548
1099
1168
1539
1351
1306
211
1578
746
332
1157
173
661
845
543
1075
561
1230
169
1433
201
1587
1254
213
822
1339
30
140
1454
91
350
1179
660
770
1257
1574
792
1270
731
704
1393
669
1232
1121
999
1319
654
394
1495
701
1582
446
429
867
594
1572
445
628
1410
1045
1038
688
245
1379
1425
1229
991
874
483
1253
804
1049
1243
946
324
361
1133
895
994
1504
1244
259
598
1527
1147
395
436
193
1084
1051
1450
1279
103
611
23
165
504
1493
219
631
866
933
1369
1009
606
465
424
627
604
257
1322
978
89
457
440
790
1372
1313
934
489
1525
625
482
1287
855
397
250
365
287
646
695
702
890
1470
98
35
292
887
85
1044
1523
1020
214
963
1172
107
1190
607
1206
967
1212
226
1222
1548
766
1298
164
700
317
515
916
551
289
1382
1065
1050
689
990
1182
1278
221
1544
940
984
1195
1076
1069
437
1466
848
77
964
111
1510
404
1259
1435
829
583
460
509
1144
299
1220
248
420
34
769
783
1532
713
969
1100
431
519
1395
93
477
878
1581
1520
1136
345
975
745
1198
1397
939
951
1367
218
80
147
847
1462
703
1341
862
55
1541
868
1269
1376
178
10
1333
42
333
540
180
425
557
1512
1429
1408
1538
492
150
351
1518
101
441
1459
126
1413
48
1228
281
1197
1325
254
714
62
806
1485
192
311
973
411
1550
18
850
1368
1505
676
699
1236
1540
1033
237
682
1074
430
467
839
1226
662
463
1323
53
981
816
142
710
25
779
1227
622
357
26
1419
1507
1139
1261
1441
988
1219
617
1014
1314
602
1108
549
541
1590
146
1315
286
1374
538
1327
686
727
88
721
46
58
596
39
805
904
1399
251
730
102
972
1141
861
68
613
1002
1110
711
564
371
834
1478
534
11
1400
823
5
587
3
1458
837
591
1028
1012
1159
1010
725
57
750
715
1401
679
1443
241
470
1299
160
949
1151
935
1377
422
1280
462
580
1191
926
673
1234
1335
781
751
385
894
474
1264
265
619
1201
64
1469
684
671
15
1237
1558
1281
1282
154
1165
197
13
1394
117
1336
1275
623
455
1061
716
131
112
1290
1545
891
1305
447
306
1249
314
1385
883
575
275
952
672
1357
776
1426
124
923
1089
640
392
1215
827
656
1511
1491
212
681
209
1007
72
369
1543
993
1123
849
1509
120
1476
1489
1553
1463
537
454
496
907
230
634
1189
426
116
1103
61
1347
240
1056
81
1472
313
1392
383
958
1513
941
452
992
1273
1046
1187
1508
2
1378
1131
495
1
453
273
831
224
1221
772
906
1170
1137
191
1293
536
349
530
1158
268
1317
927
1082
1589
366
571
1569
97
136
458
1181
185
582
278
815
370
1263
1285
487
1514
523
1537
724
1140
565
246
1213
824
1503
632
231
802
501
1174
377
641
1223
1359
877
1052
1070
488
696
1277
1258
517
765
73
305
846
768
382
204
666
507
187
253
215
983
1481
1066
835
1262
857
149
709
1358
1166
720
1346
838
1274
832
1597
106
400
532
871
37
406
1150
439
127
1375
1040
788
612
450
296
912
269
1003
491
378
694
238
577
1354
1209
114
315
293
17
812
1116
1304
348
283
50
1566
1337
985
787
464
528
481
597
647
910
1531
667
471
1455
373
620
358
1353
653
748
493
1445
354
138
947
1022
109
1027
95
195
141
1102
736
873
152
407
1210
1164
1000
826
1554
331
1571
976
1398
955
24
799
1307
304
547
800
901
375
1467
258
785
1031
284
1224
449
555
480
242
1440
739
1420
1138
913
931
1414
1534
821
1112
943
1309
502
319
759
1324
811
49
843
953
668
1350
1271
657
79
670
108
1387
1355
818
222
624
1328
962
1094
642
1446
590
1559
793
143
144
104
1073
1384
728
494
1564
1035
1034
1522
1104
899
484
1423
252
1238
227
1386
157
205
1068
1483
1437
342
1468
235
920
381
1272
819
473
239
1029
1058
367
1091
1296
729
9
830
70
995
986
499
347
125
757
105
1465
1266
176
559
1326
1431
996
796
917
648
90
1428
1580
1460
421
1598
1018
225
158
186
1059
1200
118
929
415
1216
1146
1371
539
1498
1552
900
618
71
959
409
544
1421
856
334
1078
260
1081
87
1506
645
1092
129
639
1186
513
756
163
1026
177
1184
1494
96
1422
1048
1233
438
708
1156
789
1334
737
889
505
1447
466
261
1536
1260
63
579
578
162
1208
28
139
1071
380
586
674
340
337
236
472
1134
1406
698
685
1475
128
925
936
1320
1214
277
302
243
360
763
1153
461
1530
1011
234
295
335
585
723
444
526
896
1457
418
560
171
1381
914
1434
588
36
485
51
508
626
902
1588
1292
372
663
388
550
1591
309
78
764
479
318
881
1030
1499
1037
330
1083
558
1383
858
601
1551
266
1451
363
742
741
1461
851
974
486
137
961
1501
1563
274
1283
1291
840
8
339
401
1173
1521
638
45
1484
616
255
476
76
1456
1583
398
27
1575
930
353
836
301
223
1097
1294
1573
4
294
633
621
1366
511
1152
1211
1586
1329
1055
1096
1004
510
478
554
203
1316
1577
1135
1417
876
752
568
200
1113
393
744
1471
1126
1160
649
1267
749
456
1098
280
938
498
297
442
1192
1302
44
882
1585
1203
233
1111
40
1318
20
202
1204
1407
980
1021
650
915
771
664
954
1310
760
658
1207
1199
879
390
1008
1497
7
595
599
982
1362
362
782
1432
1365
615
6
1595
249
1251
820
1415
1130
932
22
1594
194
630
196
1464
1496
719
1474
414
321
1024
267
1188
911
1039
217
569
1289
1196
817
1430
166
1348
1555
181
376
629
1183
271
593
665
1517
1047
678
1218
94
1017
942
263
1576
1295
1288
135
977
161
584
1396
635
872
552
903
1286
1300
1025
732
432
1085
1388
170
16
322
527
791
693
546
272
1528
810
563
1019
1001
220
346
497
1418
82
1364
1370
998
1016
159
801
966
122
1090
386
777
909
542
853
1120
427
888
338
521
1057
174
229
1247
705
84
182
207
14
1235
29
1452
1268
892
706
1332
206
1127
1005
795
1596
1171
1490
514
989
336
1473
419
1363
1391
1180
1053
503
921
232
21
928
570
364
886
264
320
291
1032
898
562
329
854
1115
1342
168
747
767
950
1479
119
1340
1584
1093
1570
54
677
1412
1416
1095
1252
1526
813
644
1054
1202
697
130
1240
1486
1487
38
1248
592
413
522
443
1321
610
908
581
448
99
893
475
1568
1515
864
833
1041
712
1345
352
355
384
1361
1125
609
1500
391
1205
971
525
1079
1245
405
121
428
738
190
1562
1241
680
75
1109
1556
614
316
937
1592
359
1231
1438
1356
1117
412
290
828
918
997
433
692
637
897
761
65
808
636
1547
216
148
83
1106
167
794
924
408
1114
189
188
1330
155
279
1308
1477
1148
743
247
1162
1492
922
310
1185
1161
276
506
179
718
683
880
1062
675
1338
