1068
406
621
73
902
1521
1181
1018
1201
86
1291
733
721
1336
1052
31
352
1297
1287
295
648
1150
396
930
597
1131
1182
377
1513
702
522
102
966
1066
179
1072
596
693
1378
488
677
1323
1547
600
53
1099
335
169
317
779
1209
685
880
885
738
1007
1566
859
1373
1053
470
776
866
458
899
108
1022
1324
628
1342
82
674
557
1106
495
480
1091
987
771
182
34
1442
20
998
265
1471
785
471
62
1417
1351
536
1112
1090
886
1574
580
593
1162
1439
239
500
660
1583
425
1540
1554
629
1381
382
71
1034
170
1502
765
1365
1411
877
929
1388
491
394
663
98
24
1453
1259
463
576
183
325
602
1253
544
908
66
1274
417
719
1422
751
942
696
1531
842
28
459
633
486
143
1353
735
1384
653
941
598
1506
409
1335
697
285
1518
249
81
1043
1283
270
584
903
990
262
293
119
1467
1475
1263
165
1103
1448
1243
1071
1045
1584
1134
1530
1076
1210
1122
1402
846
1558
1493
1239
539
171
1199
1409
639
1515
558
1398
202
770
8
1270
1234
1264
615
1139
986
319
214
133
501
1129
1093
599
1292
759
891
968
302
922
545
449
1017
1544
1302
451
793
960
240
731
1073
1108
1219
14
975
1282
512
88
523
606
224
517
337
1433
398
1505
188
1343
645
426
978
484
178
1083
1545
1594
910
720
1426
618
753
1155
994
1563
704
1178
422
541
1081
684
739
1032
241
94
1240
263
1380
1496
1075
338
1320
386
1154
632
1296
284
52
700
1057
1489
1416
499
126
1149
560
556
856
1321
1132
1190
931
1317
1095
1393
652
1021
1179
1392
1533
55
1538
1312
817
1580
717
838
892
114
107
1051
1193
1169
519
729
649
588
1183
363
555
1203
85
70
932
926
1070
1374
742
1430
707
1027
1303
671
786
1440
124
78
472
309
575
1145
532
1397
514
769
1164
212
328
876
1050
1130
1074
1486
446
666
51
1377
784
1062
1267
647
109
288
609
783
1207
1308
1455
397
1211
1549
440
586
1561
1237
296
672
1016
157
61
1256
582
882
391
324
867
743
1536
64
788
211
1410
1356
847
673
574
592
72
681
1197
497
15
38
117
509
482
129
204
508
1294
32
531
816
187
106
257
172
198
1593
131
561
238
1562
47
1519
1189
76
1202
231
105
45
568
1500
351
142
27
1331
1366
395
936
1048
797
1173
208
858
1314
763
415
1026
475
272
1555
435
897
713
1148
1532
657
80
25
1339
453
1289
948
1010
1418
203
261
275
896
999
718
36
1140
1135
1214
234
1180
43
1222
442
900
923
1461
431
1483
1403
708
1295
901
573
1441
7
1424
327
476
1251
460
1462
682
1079
863
533
1023
688
236
564
1556
587
97
1415
631
389
521
365
1341
1055
22
1217
478
569
976
222
694
692
614
767
938
1191
384
1495
1174
761
1172
879
1360
1030
529
1425
320
1458
10
1101
248
1015
567
894
664
326
29
413
292
803
1003
741
1266
313
1595
6
927
604
802
489
1484
1541
1208
1346
447
1123
439
904
665
1585
393
331
924
1260
1589
1046
381
974
1529
864
762
1280
1247
1246
1248
110
834
617
56
390
304
1232
271
949
223
58
44
963
1570
772
1358
710
432
725
266
610
0
1310
3
465
1306
755
1279
773
387
839
603
768
543
122
1228
807
401
814
1042
991
977
1116
250
419
1225
1434
782
825
1407
1281
483
369
452
939
988
1359
562
589
547
1102
683
1113
849
1568
912
581
151
456
1451
643
1125
1444
646
650
916
256
1056
572
954
989
1257
627
804
745
408
1254
1438
955
207
1327
1307
566
1313
1168
1499
1110
77
33
577
1372
1465
322
889
59
125
113
979
168
371
809
400
1389
1041
1216
984
1278
60
841
1543
795
798
1528
1038
1244
630
96
1423
789
1329
481
345
215
626
726
570
953
625
730
138
1151
281
812
421
754
1592
2
1220
644
91
311
799
716
167
534
155
1096
260
1185
865
985
612
945
342
919
163
1298
528
264
1492
404
585
537
747
380
848
457
1401
819
832
1446
723
513
1350
913
756
379
1437
306
37
957
160
79
1028
750
1414
884
1369
680
1345
831
136
357
1582
492
515
21
412
1367
895
623
336
162
1290
494
744
416
1571
1322
364
967
152
1078
1363
1143
116
1284
273
1098
315
669
414
1111
890
303
218
962
527
781
217
355
711
1328
1061
1171
1316
813
993
951
1054
1161
195
1031
166
1092
42
434
571
57
698
1436
821
1491
1539
658
944
1094
805
678
1579
925
209
869
722
376
301
868
1082
1507
1553
1490
247
1435
159
174
468
197
964
1285
689
1147
1575
1405
40
1524
734
546
1084
1223
1242
146
661
461
148
933
695
1394
724
411
1136
1013
950
1229
736
906
1249
620
1523
504
959
1419
973
835
334
822
1590
634
1252
1463
1511
1468
372
1152
1349
454
361
1420
316
815
699
469
226
862
1044
49
1573
1119
147
635
1275
608
1337
917
1000
26
1163
1510
1218
402
1382
485
1159
656
1370
1238
1004
158
651
1299
115
111
1396
68
90
1395
430
1005
496
35
1213
595
800
705
1233
928
1069
191
715
981
437
1572
583
1552
17
104
1273
1480
1413
791
348
808
366
1049
1124
1474
289
286
474
506
918
290
911
1087
1165
1447
1235
128
1476
1230
1177
83
375
857
934
1065
565
487
1255
818
473
121
144
1020
1277
516
280
824
1344
1357
89
1200
757
490
84
525
642
881
368
1457
123
1288
1024
410
206
300
830
1166
780
850
637
540
1326
1221
67
826
1058
872
1305
448
1504
259
373
1383
5
297
274
156
1262
1100
1187
1591
1198
1315
1192
1067
318
827
219
1527
356
1011
1293
1265
299
1117
189
1347
1560
346
1008
1522
1330
992
1432
1085
1158
399
687
1212
1559
837
535
873
811
1268
594
201
1133
590
1319
41
407
1039
378
1460
213
507
1
740
676
662
1188
940
353
790
1517
1586
675
520
16
498
801
1406
915
277
254
1379
550
305
1427
855
1464
467
893
937
1482
958
1390
329
1142
983
227
1488
542
1485
526
965
853
242
1127
1157
861
1269
100
1567
314
1361
455
1412
655
1408
23
69
135
186
1118
291
1371
1195
344
1014
1231
1186
668
748
860
1481
578
443
616
1175
246
749
1137
909
1019
1167
1064
493
1478
554
1466
1332
228
1156
1534
844
200
1588
1449
354
362
806
307
1498
1537
727
1080
828
1105
1040
538
758
1060
1250
1516
956
667
920
173
1176
54
820
1473
252
255
194
283
796
1121
1204
350
184
518
1391
1596
995
1470
946
888
752
875
427
139
181
1535
1033
691
836
607
93
1354
1494
235
339
370
229
134
1035
1501
1029
840
980
282
347
792
1512
269
479
1472
1300
845
103
258
1404
50
1012
423
775
505
1245
1428
150
1578
192
438
243
971
321
559
1114
511
385
843
1037
972
276
360
883
1557
1479
130
1429
898
641
1450
120
225
445
95
177
190
935
1385
1565
636
810
624
149
278
1497
185
1400
429
1001
686
712
308
1334
1352
1421
1063
1520
1194
611
30
829
961
287
1431
127
851
591
161
245
728
1469
1261
403
659
1025
220
997
969
703
1153
1086
774
690
1115
871
552
1047
312
732
943
1309
1109
852
1509
1569
154
1443
405
65
1456
794
914
1126
424
1002
737
199
101
1598
996
1576
1226
1227
464
1241
11
63
524
854
196
1286
1120
1206
1548
176
1525
444
267
74
907
549
39
374
1376
9
466
232
358
462
1550
1551
175
1196
