1214
861
1017
1310
1186
369
1438
520
1242
1572
592
1362
530
710
913
251
1157
331
1588
479
534
209
647
877
1545
844
44
502
1274
1589
198
337
1509
663
672
1352
1293
1422
222
392
48
23
1250
1587
9
213
353
288
1300
203
410
352
1125
786
1594
1304
603
1021
1051
291
0
1004
508
1432
990
675
728
1405
339
145
756
1423
609
555
1260
652
422
746
1189
811
248
270
815
1184
895
641
890
371
1236
643
1494
1451
582
326
827
673
1578
1028
760
563
229
729
276
1324
543
558
537
1002
1583
954
140
596
1257
617
661
910
953
408
345
1166
1512
233
1105
183
496
166
316
1142
516
1003
49
698
969
942
310
1495
837
426
440
1356
1188
336
491
538
1363
777
1077
267
277
943
1033
936
1416
937
1493
551
680
852
1037
528
484
556
354
1535
1170
113
1016
448
1454
714
294
595
164
1282
90
830
1303
585
1502
944
73
621
1301
1283
968
1121
704
1307
1518
653
594
1376
1061
25
1129
1118
1103
1086
1499
754
141
646
301
1102
526
1413
136
602
568
1092
1528
1014
1513
1529
210
1593
947
1386
656
1277
1580
981
351
293
162
696
253
941
1063
1328
377
320
1565
66
1254
1547
689
1553
381
757
88
870
327
1520
1134
542
311
1294
1510
1348
1053
1211
274
492
1358
1364
261
1228
1558
532
39
833
847
985
47
838
871
950
1531
606
782
246
1532
973
100
1115
249
1505
424
400
457
215
482
636
156
723
1030
315
421
578
1128
1544
541
692
814
1574
191
1437
868
79
642
439
391
915
399
58
1062
1223
650
1379
523
995
1270
1550
232
289
928
283
1411
1347
1527
1201
1377
282
1333
1238
799
24
335
1206
608
8
185
529
1322
296
1078
722
893
589
1199
808
1360
1164
1158
800
916
1205
1441
1498
1522
755
984
586
914
1029
1162
958
142
1253
685
384
1501
850
1414
1457
1503
845
91
1344
1469
1042
217
1057
1487
648
254
475
362
85
273
42
909
332
226
948
473
571
584
1471
1269
776
666
1309
501
1367
1330
441
407
828
1011
93
966
682
668
1556
989
974
879
917
174
564
1288
313
1458
163
629
1208
639
14
476
749
1096
1012
651
1433
483
583
1066
1559
858
1290
105
1179
161
566
447
1278
1039
86
1009
1551
1455
257
865
169
569
390
1542
655
94
1151
1203
80
1391
1143
302
742
346
1335
387
1576
574
693
891
340
801
794
433
1460
841
831
1399
896
32
2
245
196
570
1075
1525
1215
461
1485
460
1024
1141
1420
514
588
1533
1287
1139
1590
856
885
517
739
1323
978
132
123
1370
45
1368
912
269
307
1006
515
547
1562
244
511
1140
1110
403
1561
1239
1462
1418
1177
1325
74
533
3
464
240
1010
712
1099
119
416
1048
188
809
1396
202
1204
1247
987
26
1382
30
1369
747
1034
780
258
1119
1446
597
1163
881
178
1442
1497
694
601
355
309
817
1326
1195
631
1461
236
1209
1321
1113
764
1027
370
1116
68
280
1180
1178
1448
1094
13
738
605
225
752
1410
239
1468
1549
70
810
494
1059
982
1054
970
350
1539
468
322
1255
929
1504
932
771
1216
706
165
862
1530
287
536
1346
619
581
905
763
1153
1571
305
819
1336
1266
901
1276
662
751
552
207
472
1023
957
1218
758
129
640
1472
308
1447
1149
1524
242
271
1434
330
29
1114
911
869
4
688
263
1332
1515
1225
720
1387
1060
1219
686
1476
1316
1213
859
489
783
1133
876
409
745
1192
1440
465
1264
389
935
1393
904
1243
1373
1400
1486
386
1038
181
121
1093
321
820
247
531
167
1248
197
1350
69
1477
1419
204
614
126
772
418
892
1069
1390
773
116
744
1106
459
1541
1536
951
364
759
1596
713
1080
1338
406
924
718
1226
540
553
972
63
487
117
15
691
1521
401
304
792
415
1018
1168
952
1249
600
637
1044
214
46
1598
644
960
572
155
769
1475
1299
1345
438
1137
1337
1401
504
1237
1431
1537
1327
19
902
1366
303
577
961
702
883
768
437
1181
736
1194
613
59
1271
43
1566
1555
219
719
146
607
1273
200
1230
262
82
138
793
456
707
1091
177
1
983
67
576
318
135
1065
1383
1552
1165
314
218
1050
1463
16
150
1167
1047
1073
1064
1122
497
446
945
544
153
1398
882
1202
171
1334
114
1295
445
938
1341
53
35
237
867
89
795
1408
324
1169
281
835
1265
1161
506
645
1517
28
774
1022
1526
676
1152
1351
37
268
1575
1426
360
1349
33
1135
224
567
173
976
864
368
1112
1159
431
38
611
417
898
444
1384
436
192
503
934
593
152
1015
1032
1068
453
1124
443
1097
1196
761
931
467
1127
717
190
78
789
805
124
493
195
998
1538
1597
1464
172
1445
986
184
1235
378
449
359
518
1197
1210
618
477
899
836
1160
252
842
435
1567
1506
1584
358
561
1131
275
778
889
10
565
955
1305
1035
154
1126
1378
1049
419
1306
659
787
1474
118
256
796
374
623
361
791
420
1365
243
186
363
1595
1104
1267
740
344
130
1132
325
211
250
102
1041
1212
834
660
430
388
785
545
888
708
201
634
513
342
1298
939
510
1171
41
1013
223
921
1245
488
279
1259
1043
179
1130
860
735
500
853
1087
157
1343
1262
1107
357
709
1193
104
128
667
182
1482
379
1291
231
235
298
816
1083
1232
762
894
442
1146
627
11
81
317
1221
295
927
535
1508
677
372
1466
988
143
1470
1082
366
1554
996
1176
840
1417
575
1088
106
1443
1592
1402
1185
550
1308
12
1200
664
189
604
341
365
872
87
1147
1019
509
259
1263
1220
812
1020
1154
732
1312
562
328
212
519
1292
1372
77
657
101
665
343
62
679
1217
803
766
940
1481
626
908
880
454
17
918
959
612
398
669
1591
349
40
610
507
394
741
1430
133
700
1444
1511
1543
822
463
427
139
525
632
875
284
159
1241
1313
730
1222
285
580
61
906
1173
52
765
485
1302
1453
1315
573
933
338
367
1240
866
524
1489
1389
429
1117
622
122
843
1519
7
813
115
27
220
396
1025
1111
854
994
725
425
1585
375
5
1314
790
486
1098
1071
278
546
505
1191
733
886
51
112
1483
137
1279
65
697
873
598
1052
557
60
671
469
1136
36
149
373
1272
1342
1258
1557
382
474
1317
414
1577
1280
1523
522
1182
539
1436
1404
1427
965
234
716
348
1480
1233
34
1320
385
1183
125
1289
748
216
678
260
411
1424
383
111
1284
784
238
949
1079
690
737
290
956
402
376
462
6
1319
779
1514
1031
1045
1429
187
1138
1421
1329
851
703
1415
727
206
1252
499
31
919
1001
458
21
480
826
319
705
1000
1318
393
1492
329
470
148
1244
1407
775
1425
527
715
1546
829
839
638
620
923
1108
1456
1261
926
498
863
84
1573
1490
1150
1256
380
72
193
103
1246
818
455
797
979
452
1190
323
299
806
54
107
1357
1074
670
1070
356
292
1251
1375
731
264
897
1297
300
770
1459
512
1275
96
992
930
490
684
734
221
1385
1058
1355
64
57
587
1187
726
1560
1568
1144
1392
807
681
110
975
802
977
874
412
1085
804
1569
1564
1403
1449
1296
781
405
1479
450
176
849
230
753
1484
1174
1534
695
451
1516
205
1582
1579
1395
168
83
699
1056
711
1224
423
266
1026
997
466
1005
180
1406
848
144
120
20
1353
397
616
633
903
18
50
971
1081
1175
1156
599
1488
227
1145
590
255
687
946
108
333
1374
