750
705
309
1350
1112
842
639
1004
984
289
154
1046
1054
1388
1567
576
523
40
247
378
1489
1405
1379
1179
1521
85
1592
136
1093
1278
943
380
1469
1500
1526
467
376
1030
1486
907
1505
634
211
784
233
1370
722
50
1372
873
256
922
603
1133
311
1492
751
105
955
488
817
1328
551
1052
1297
561
509
1353
886
176
99
887
278
935
982
640
545
919
1275
231
257
1436
754
1377
1314
610
1149
646
34
74
1025
1518
267
304
1483
396
1267
755
1145
337
411
1246
423
761
264
242
1216
486
104
435
1254
208
1323
447
980
513
283
769
286
1356
1183
503
861
560
1506
140
342
542
1064
977
97
953
1023
1287
473
654
538
1214
1137
1197
1015
801
20
584
804
712
1514
1307
370
1551
417
106
219
851
1176
1352
452
607
1242
1553
898
344
585
312
644
648
275
520
1090
418
279
58
1497
594
675
1329
1270
1347
1028
265
294
973
356
244
1434
1081
200
525
271
1351
1208
1317
1124
899
1288
235
277
691
1316
1366
179
449
1512
1308
292
220
1485
888
48
1230
512
893
596
307
1455
721
936
444
322
986
905
92
1470
689
1217
168
1345
1218
1398
856
164
638
1138
352
1574
246
470
557
645
1547
803
844
424
632
1440
971
1156
1177
658
216
215
1095
618
38
876
362
1399
1158
564
1418
614
173
910
194
464
1020
177
406
61
948
1243
112
129
55
593
1499
386
483
1073
1268
1163
1066
696
612
1199
117
1395
252
532
1068
1523
1481
1113
202
313
536
1583
1522
1239
1119
787
101
1473
929
725
572
1190
1231
1096
276
860
1467
121
113
1318
93
1161
1417
1382
531
221
1194
674
7
1206
1528
288
1508
1087
1420
1127
926
1273
381
749
364
204
54
130
466
436
360
416
1012
1346
1342
714
110
631
225
1157
790
1147
619
1269
1476
1579
477
1258
1402
791
1305
1581
1296
400
1189
1368
114
694
951
1309
1369
846
1088
338
293
735
1558
949
827
738
410
1148
1539
1327
1594
1589
954
1058
587
589
1517
695
134
1141
1202
814
1484
1448
389
661
489
68
403
598
453
1195
1548
1026
1132
446
201
1584
1069
94
268
778
965
900
14
838
635
1575
42
1200
855
49
892
75
440
1115
1565
923
933
394
925
1237
1105
782
703
770
783
1365
1226
348
1043
1186
742
622
422
0
732
1404
717
291
115
1077
1
609
385
869
1056
1160
1310
679
171
462
234
962
135
1566
1035
1146
657
974
847
1135
781
355
172
152
153
1457
1487
308
119
796
1168
499
996
1070
1250
1378
999
588
562
45
762
1447
321
1341
1018
871
273
251
1232
728
841
931
345
726
437
816
989
848
318
683
1598
1252
517
967
1354
469
753
822
1187
681
326
39
854
163
485
932
959
180
613
1524
1016
450
71
664
649
1213
1045
1339
748
1543
319
1118
795
1465
305
442
209
1496
868
33
990
719
604
353
729
921
1182
199
997
939
1061
1389
76
1560
1181
331
704
985
44
87
510
108
1381
1106
1458
1155
451
465
346
581
1201
1501
1256
1110
501
831
734
182
794
1480
808
166
1541
835
232
685
1298
1348
1315
270
1192
1215
987
185
684
51
883
1193
82
583
643
805
315
1083
918
1326
580
1494
118
390
1587
1413
1227
1474
306
514
1122
1120
810
1545
495
1063
928
218
1557
673
616
647
1303
248
1422
565
970
1437
568
454
325
746
91
1055
1251
1171
1044
889
911
1225
425
1460
559
1290
1162
1040
621
111
300
843
1047
1401
1048
1294
1104
474
676
620
849
577
1062
1059
1229
11
320
917
1111
818
434
1421
793
539
162
167
448
527
1438
1126
1276
498
979
872
484
413
1228
945
1053
981
365
1212
1431
415
227
506
916
480
739
865
763
250
372
521
829
387
563
1170
976
374
335
493
995
443
302
1284
767
956
677
668
768
833
327
642
1414
205
988
903
65
1234
788
958
1400
826
1244
429
870
350
859
745
1153
1572
1520
77
123
863
1333
158
329
789
966
37
600
874
809
786
491
615
1178
1139
1220
258
1211
23
1529
393
1241
774
699
602
1001
1515
323
1080
144
96
1272
1266
1257
1596
1335
25
1534
1477
960
834
16
1549
1210
723
1057
902
1410
1493
665
1373
116
1363
1562
1151
672
983
1097
239
807
877
1427
752
98
1390
1563
688
606
518
730
458
832
941
143
281
1235
1295
764
882
95
137
174
1482
1550
487
656
1502
22
599
384
1449
1129
637
862
1082
743
502
878
1302
60
969
120
666
324
1299
537
1249
1123
1174
224
1590
627
198
125
1175
441
1588
89
1462
852
821
601
1022
181
475
823
504
1304
1466
126
430
1173
1184
881
1507
1338
52
548
1510
686
1330
1531
339
1536
626
760
310
1203
840
427
766
471
1585
107
904
1280
718
1527
1164
663
240
1519
1036
1150
214
1374
1321
332
35
131
906
404
569
1109
720
1380
363
715
528
382
30
1385
927
1003
964
1221
1443
1403
867
412
702
222
1411
1468
547
920
1277
1019
1024
1065
86
553
575
765
62
280
70
1033
776
1384
625
314
191
175
340
254
1094
103
230
426
1336
1576
1331
1034
1050
500
336
19
157
1143
184
1513
1262
1360
398
744
1453
90
334
351
1283
1509
780
1306
1121
1426
1279
651
366
1166
1340
740
132
1452
573
934
737
1456
1248
138
1433
1021
421
375
1478
1038
650
1078
1582
727
1032
150
811
1172
1424
875
1334
901
511
133
1561
716
66
707
1101
368
991
67
629
26
1107
1253
1586
690
354
1301
1479
463
1311
515
461
670
633
1144
785
652
73
913
797
330
1533
1313
285
190
1538
1540
1503
1049
272
253
1286
1117
472
316
678
1103
930
402
1011
379
736
10
100
700
207
896
15
757
630
554
159
839
636
21
519
1595
1265
623
78
975
399
142
516
1570
628
290
139
590
544
773
213
938
63
1247
1568
624
540
170
151
197
555
243
262
1396
701
1076
1188
228
1358
777
697
147
1344
1039
468
993
1461
880
641
1285
1089
146
36
1495
347
183
836
1031
1084
1291
439
1423
1185
1406
1376
937
1292
1556
709
567
591
571
1559
1322
772
505
592
395
28
188
731
187
1343
529
680
1349
17
217
895
741
687
1072
579
524
405
1415
655
241
669
245
586
301
698
1383
238
659
1260
43
1067
407
1005
1319
3
830
556
549
229
1207
546
333
1071
1511
1289
1554
479
1009
819
595
226
1236
972
165
481
1387
1014
1165
1282
2
884
255
963
1240
1446
1010
660
1571
1544
1454
1271
274
482
317
189
1130
1530
1245
41
1086
1407
1300
88
299
1355
1445
994
1152
127
535
522
617
1471
1432
46
710
597
671
909
526
1051
490
1006
779
388
156
759
1159
371
879
653
1098
946
1429
1332
1362
1092
1394
1274
912
885
530
18
858
550
1564
608
1392
266
1091
478
249
210
1463
864
1041
1555
693
492
438
1209
494
428
223
369
196
1361
80
141
1108
456
1580
682
1408
1002
1169
303
908
1140
1074
1324
820
507
1491
263
1205
1475
1134
1075
1386
1542
1337
1439
1261
711
212
998
1219
1180
1037
69
13
1578
206
186
9
1281
961
295
1535
662
237
708
1371
533
149
161
692
102
1359
1367
611
756
269
706
1409
1591
1198
800
534
845
259
1425
72
284
1577
1416
1100
459
1441
391
1114
1196
419
806
109
433
455
1490
824
8
5
1412
1464
1516
296
12
328
1428
837
192
947
1442
287
1142
1459
64
1099
1102
1472
897
359
1430
1435
940
