856
426
883
1037
1135
1380
520
902
1221
1122
413
48
486
436
1182
567
1019
932
1489
855
92
1291
298
183
1574
684
314
116
1298
1366
878
702
1108
1319
546
1100
570
1316
1491
740
1224
677
159
360
722
857
485
1150
518
1550
575
187
721
1493
162
80
63
424
1264
1117
1270
454
512
137
594
774
306
654
1352
489
1458
733
1170
1359
1184
1047
170
938
1405
1249
1190
1111
1120
85
425
858
761
712
476
214
1425
655
1077
1201
205
651
350
19
1327
361
1545
1512
899
523
590
323
1001
974
30
492
945
391
1084
539
863
1198
925
820
294
1220
1459
985
366
1126
1156
278
490
1239
1428
730
1109
43
1369
334
1533
1185
284
1229
198
1377
1292
1068
1492
1097
42
1300
551
112
534
524
1073
287
1449
1236
574
147
760
795
611
538
757
866
57
1544
322
747
671
158
783
1344
202
1089
1143
270
353
1334
382
415
828
978
216
1202
1353
804
743
1
461
500
996
1365
390
1036
387
102
658
1070
807
1460
896
354
1041
1343
375
577
589
1504
1023
593
875
378
1367
1243
1322
79
1302
7
1583
3
831
1209
678
1463
1092
1167
1531
257
51
1197
1245
1341
619
1411
1295
333
449
1056
87
1578
392
31
644
1226
138
1078
525
809
792
773
719
1467
509
105
1293
1372
1251
164
1254
1552
1506
340
737
720
265
794
199
1534
931
825
877
453
1320
873
1247
338
673
1522
1535
967
701
840
326
288
266
1169
72
55
1136
1364
595
865
1288
145
268
451
1147
67
556
587
979
532
563
1095
1351
344
441
108
1031
1282
812
475
628
543
608
370
241
1540
844
1370
867
674
818
1310
528
971
496
304
1071
459
579
481
1461
1232
1536
527
821
960
838
83
1027
941
320
455
1168
77
1256
1304
580
1244
1363
81
1162
142
1153
1218
872
12
690
911
27
559
468
1134
254
9
86
1004
1466
1175
1517
1562
1569
516
723
208
194
638
836
521
939
252
738
181
1082
403
448
301
1347
380
195
1272
152
612
1115
1042
1392
1407
823
1532
686
1228
1427
982
173
213
566
141
905
289
1381
976
71
1500
409
1355
1060
1561
54
927
1257
565
601
1577
179
992
1118
519
631
1542
1222
643
715
583
1591
513
377
285
694
889
1140
885
1086
120
1024
1317
1311
765
915
352
1560
704
1062
949
1007
1240
15
709
1389
1008
310
501
1203
269
691
668
232
732
903
128
104
414
768
1549
1444
1484
177
169
1267
517
591
763
781
1210
600
1596
1194
200
1520
32
989
906
977
1446
1206
362
1146
1252
1015
1174
1052
710
56
337
1422
666
547
90
89
886
588
1598
101
1009
1324
464
650
423
832
749
603
238
39
576
274
569
1423
653
1299
1142
311
624
1323
246
997
234
483
176
633
874
759
1225
1442
642
1374
675
107
153
452
437
1101
144
726
445
58
316
1503
10
530
50
397
465
210
1013
1054
99
614
511
632
1211
859
670
305
296
250
237
564
1573
1384
1358
262
1281
35
1590
345
407
220
672
1451
936
458
1276
1237
156
698
882
1059
808
871
785
172
1586
1435
581
613
750
958
450
811
707
1275
419
561
171
272
597
864
713
1191
100
37
1186
777
430
1199
1448
1085
699
1402
374
218
1157
893
1499
1148
830
20
115
1595
1387
503
681
487
84
412
1212
23
975
479
418
1585
663
718
1440
26
1541
842
1091
1543
667
230
582
1163
943
754
1593
1223
385
562
1521
1268
1130
1158
1592
1277
553
652
703
1464
1032
1529
1012
572
427
529
1000
617
236
853
1325
801
318
817
649
349
1262
1371
1125
861
1141
1475
665
1034
25
1406
260
1193
1482
1137
680
73
586
598
791
753
549
789
371
946
168
6
1385
841
622
1040
687
504
222
568
1360
466
217
271
1072
1155
962
1234
717
770
1412
1099
1338
991
973
2
506
386
502
1105
924
1474
814
515
1527
1053
897
1431
225
1568
319
784
868
1511
849
1401
1321
1408
420
850
1055
862
711
833
948
47
616
1127
839
843
815
396
302
1486
1579
1555
775
776
964
279
1214
1421
1159
1124
150
969
1149
204
636
904
758
1131
937
1002
376
1250
1386
174
1246
1230
1128
1477
544
1390
53
1093
346
826
602
125
535
130
439
1513
332
1215
1395
1026
910
879
1204
729
1266
1453
363
926
769
245
219
13
134
469
741
1018
1462
286
1145
273
303
1016
243
827
457
283
61
1415
400
1160
224
1378
404
742
36
1011
119
359
685
1465
444
887
64
324
1398
281
1455
782
1430
166
637
1129
1123
223
132
615
609
660
308
395
60
1154
661
1102
209
1526
800
1014
1303
894
1443
1287
984
951
682
421
276
189
482
1216
175
309
755
471
109
1258
1005
24
0
1432
34
1069
121
299
1217
1315
1553
545
76
1116
472
793
1454
1597
635
1594
1472
251
497
1263
275
1049
1133
186
536
744
1557
255
447
929
751
625
626
510
33
49
803
913
1103
1473
317
531
961
552
1340
44
1278
746
206
136
837
1028
1418
892
508
689
434
1441
1333
629
336
1144
1567
1025
1554
983
1312
14
167
1349
1113
891
965
930
799
184
62
1208
118
1006
328
1501
1058
541
1104
780
1106
1588
1471
233
401
533
406
1057
196
599
1456
416
1038
1413
1505
696
683
1410
342
1098
1496
1330
999
645
880
207
428
1566
28
968
933
1112
1306
1495
188
330
343
1039
1065
772
1336
1021
1357
1498
1580
1436
1061
277
446
429
679
180
1337
1307
384
994
103
1485
1488
940
954
1050
398
182
473
364
986
442
192
474
231
331
1305
291
356
972
1575
38
1400
215
1283
950
1376
88
161
201
1328
555
907
11
1429
693
662
1285
212
157
708
1445
1260
1417
1515
480
1200
498
935
928
114
165
329
388
1547
1033
1439
261
1525
470
8
280
1022
321
1582
1487
1437
96
1261
1020
881
1523
695
335
456
1176
1255
725
348
1490
1094
526
293
211
59
493
264
1388
1419
355
1166
151
1433
1132
908
131
66
239
126
1483
1342
993
990
1548
813
639
110
1213
307
1587
1356
1368
1556
372
1518
537
258
514
1090
952
295
1584
1051
111
697
1424
898
1083
627
806
1010
438
548
82
148
909
74
1087
920
341
1362
1030
93
315
1044
1530
640
739
313
1066
767
40
822
1416
805
1171
648
1329
848
491
253
1581
1576
1138
123
1308
160
585
1404
607
1096
259
1178
762
734
292
478
592
1524
178
998
634
797
846
1502
467
630
197
5
584
618
1189
745
1259
1114
692
888
669
980
604
596
1559
700
834
1476
41
405
912
1346
488
135
1481
402
641
1152
1335
819
554
247
736
129
829
876
981
1076
373
91
1383
895
256
443
365
140
1447
1339
1188
1172
393
495
1187
1241
557
1326
1029
1409
542
351
381
1313
705
953
647
1354
45
921
716
1242
1177
847
435
347
1301
987
1081
558
300
149
463
203
1538
462
901
1478
408
1507
227
1151
17
1420
1235
290
835
22
221
339
578
244
383
1309
1558
75
1271
900
1373
4
411
369
282
417
1510
16
1331
1279
1289
786
507
21
97
688
1043
1452
18
605
1551
922
764
98
1479
1017
1426
440
1045
790
540
560
748
139
106
724
959
1286
1181
706
1572
1207
52
240
845
29
1107
1450
1570
327
1438
46
94
788
399
1183
1074
228
185
623
1219
1110
460
163
410
1192
802
1403
1075
728
1494
778
1080
1297
229
890
248
1318
1161
727
944
122
1003
1067
810
752
659
1079
884
