1523
433
1201
853
1010
865
1224
18
1483
760
783
627
339
700
830
765
1107
414
826
1576
1274
1338
354
810
1066
321
350
1592
833
858
1134
1589
1443
722
530
1458
1007
1131
1255
581
46
1503
600
241
1526
496
135
642
601
1226
989
1162
361
16
261
1133
685
143
109
1430
1129
610
692
861
712
924
326
1008
1173
1113
1088
1362
227
1421
668
1150
1335
1459
1420
1087
484
961
1372
884
248
179
1479
443
1035
995
293
897
394
1220
273
1163
15
787
967
1124
1125
733
1494
1328
954
105
846
217
1562
283
896
452
367
731
1577
387
925
415
225
1422
1485
1559
917
761
1039
98
215
968
523
952
1033
226
577
919
1314
267
623
726
6
934
1379
101
382
1194
1040
662
1003
108
512
1050
1142
1027
608
1009
322
1111
1302
230
1268
1234
1251
81
188
1239
1527
1025
369
566
49
1580
210
309
1136
944
539
766
1143
575
922
875
873
209
655
1227
574
1026
127
780
154
63
1570
1151
533
171
172
753
402
341
1591
821
653
903
1112
4
1146
388
1245
1464
725
1297
1059
80
1510
694
429
1409
156
1188
375
1238
202
1402
613
932
303
1209
804
558
349
106
874
1525
1171
1288
1543
838
1567
990
1460
1062
166
1386
383
1205
1174
957
1541
1067
1034
38
906
208
500
491
611
365
1352
567
317
1115
911
614
1123
14
266
23
2
1593
676
122
1081
916
11
379
1353
1346
1598
966
619
126
296
345
545
1337
1164
197
596
464
615
12
1109
698
886
410
490
867
535
1237
1295
275
36
483
748
687
1215
899
130
955
970
882
506
1572
1413
1412
593
304
364
1070
659
1595
1473
115
1356
272
671
1196
1447
589
1512
572
456
729
1155
1154
579
1574
1159
495
124
1061
1304
602
1482
1277
319
1493
634
396
137
338
104
778
291
680
200
1376
1371
805
120
666
1357
1345
1326
921
445
1284
420
1104
499
946
468
1182
772
1383
1301
1252
268
834
696
828
323
19
357
852
1232
749
29
132
1190
883
984
503
13
1498
745
1086
1071
592
422
889
1293
1228
306
163
1018
1424
488
647
870
1542
277
1101
75
1060
1103
1365
1538
264
59
1341
176
1032
119
334
509
482
629
30
1584
1381
1417
50
513
1294
1374
920
185
594
371
1480
951
807
1310
521
912
582
525
1560
819
1281
449
184
1453
1540
1333
866
1082
532
206
378
1410
1444
1563
431
764
102
1547
1041
381
501
133
1296
1311
1172
1505
759
1253
257
1546
67
543
421
678
1393
27
1533
186
864
177
393
250
1090
463
97
236
969
3
313
1051
1343
1046
178
458
947
1544
1300
1102
1052
1176
1043
337
1515
663
229
398
616
161
914
237
54
904
800
656
793
795
926
591
756
1471
262
1411
462
798
1418
1586
1271
99
424
829
301
485
707
599
977
1158
212
1361
123
849
41
1496
752
1518
1391
1006
390
999
1126
1263
377
1212
1582
140
928
788
1016
975
1214
1319
1324
174
706
1217
1181
1065
1334
372
1490
307
1191
1091
1074
33
152
686
417
649
118
146
347
448
992
1193
933
1415
447
1116
762
690
1416
816
300
815
979
1340
497
737
1280
1276
556
654
8
374
910
5
145
1446
438
983
860
213
1207
26
677
636
1128
439
965
245
720
703
1195
796
565
658
1307
1076
547
1118
21
1269
768
1225
1021
524
1202
1390
144
1080
1030
1501
818
638
384
936
403
1377
1229
550
1429
1242
1445
311
987
511
1
455
1508
1180
1230
1561
113
1160
28
540
888
288
470
204
850
719
1578
1270
1213
570
1077
278
626
645
168
1250
1000
1206
498
799
938
82
1360
1468
557
742
55
1545
1385
1053
568
1477
228
355
1309
395
1222
973
606
155
43
625
1364
116
665
223
315
624
346
297
1305
516
1140
584
835
1114
1152
494
982
9
1428
269
444
169
333
767
972
1322
1331
117
751
316
192
100
370
434
57
631
809
240
785
423
811
1504
1079
1089
83
193
151
1407
1535
472
47
404
298
436
1585
340
1487
1167
715
180
314
738
1336
77
851
1594
981
563
10
391
844
1507
1516
1556
797
681
1469
534
643
1472
1397
1249
103
142
292
1110
167
1149
1259
569
902
1423
114
1575
1246
927
457
1530
702
794
1539
862
242
1339
1436
1467
1186
1489
492
618
1011
1287
857
775
905
993
407
1247
640
1211
892
85
461
894
486
386
743
781
284
953
1084
1434
1139
1491
58
1144
935
1096
942
1175
287
1098
1192
1141
1427
845
526
467
1321
411
129
1481
1318
1583
90
392
1394
1138
96
1573
724
1122
1359
945
406
758
1093
1484
1536
900
1431
1002
962
0
650
1368
560
294
588
673
1405
111
561
1166
17
763
400
1553
175
1048
37
840
587
187
1475
1476
1532
344
64
427
527
1461
1236
418
244
1100
358
518
689
559
986
963
479
580
93
661
736
705
1315
1291
607
201
693
1389
1566
450
959
1179
508
531
620
1404
232
308
1045
699
571
887
514
1506
1094
1266
1454
723
590
1449
879
1197
507
1316
35
1223
881
256
428
78
1272
1132
617
1387
362
755
997
194
1435
1451
913
324
1452
1262
332
782
1557
825
1363
1355
1579
877
310
555
529
1184
453
956
817
622
1519
285
68
991
774
1323
1384
940
1147
1367
373
1219
855
869
61
216
45
214
1347
1488
551
199
425
330
252
1564
1554
478
1204
868
295
931
1012
711
1183
641
771
1329
218
147
1120
937
777
1170
1210
1083
538
466
76
131
65
487
812
573
1382
604
1273
1408
289
1590
205
562
923
219
380
891
72
943
1499
1524
1099
190
1044
430
451
1552
1265
1233
1097
471
207
679
220
842
368
1457
1401
56
1597
24
128
717
1581
1072
1257
348
1354
803
254
44
1344
1286
170
528
536
125
1380
234
385
1396
1178
837
583
1308
260
416
159
648
459
183
1349
1203
231
71
162
477
473
747
1028
239
1244
554
675
1398
609
1014
974
1565
1130
950
564
688
948
578
465
744
542
996
988
806
376
121
191
789
1520
1351
1095
88
1395
1013
66
1497
1169
1161
419
224
1019
136
633
1388
770
672
52
1278
1438
657
637
305
1332
1038
1399
1156
87
721
150
1450
1235
1521
1056
312
148
366
1168
360
898
299
832
1313
196
639
1465
859
1004
1463
714
1047
435
502
1037
544
51
660
814
353
994
784
1023
408
1442
786
331
454
808
1264
757
1511
1020
158
820
413
1054
1555
238
1092
489
1078
1282
907
730
1289
915
1437
1177
630
1433
1036
841
713
716
1330
432
1370
1275
1358
958
274
141
1426
546
336
493
872
709
1373
399
263
1474
32
667
827
1299
901
612
1571
1031
1550
541
1531
409
710
475
480
84
836
235
1290
823
441
74
405
270
221
1529
1108
1024
389
1145
271
1456
42
164
31
325
843
998
682
1548
1285
854
734
750
1551
469
1198
173
552
839
856
1462
1513
1058
1022
1248
754
107
1221
769
909
1261
1327
1121
1283
776
1157
1068
1105
1106
211
1185
985
1303
40
1439
1267
801
1165
442
258
519
1492
863
1137
351
890
1292
1502
1478
939
1392
356
824
980
1466
553
1075
598
1001
1425
664
138
548
586
791
92
474
635
401
195
1500
1549
644
732
60
1350
440
735
7
718
773
153
1153
1528
976
281
522
871
86
1200
251
1055
978
1306
1049
878
790
1258
537
1243
280
246
739
549
1378
918
198
1568
1208
971
1414
1514
259
515
740
822
1534
684
646
847
727
1015
1260
95
110
94
1325
1448
