243
825
1545
738
1383
712
1092
196
505
487
1483
5
823
669
215
1367
687
191
828
1387
1357
1590
407
1520
1093
730
174
886
773
915
1011
454
1187
568
870
554
1332
1341
396
633
1303
1594
932
1476
543
873
538
714
922
971
1413
470
977
1022
1086
877
781
805
248
474
47
473
1299
1178
1065
156
195
52
567
1252
77
1050
724
1245
1498
247
4
860
250
731
65
1336
746
308
117
48
271
57
777
1134
1215
563
1186
1438
403
193
1108
1255
591
1516
509
275
709
1226
750
795
722
317
551
1177
1304
813
1416
33
1204
1066
582
749
524
95
1076
668
807
1073
235
983
1282
885
918
178
427
176
778
53
794
11
834
833
970
347
408
51
1363
1131
574
1497
527
1334
1558
715
952
815
1561
264
1048
186
401
374
1532
797
484
1012
336
657
1569
382
816
557
1439
1004
871
1233
335
233
82
324
1124
1401
175
64
1452
9
29
258
939
667
260
302
1417
369
106
359
290
1147
155
1239
1418
1103
580
1231
1060
1114
954
957
711
334
1258
282
1572
381
14
1188
804
898
1375
1529
1348
165
826
1276
713
927
945
948
415
837
203
168
229
1568
1068
364
1379
80
614
17
1111
177
110
523
88
607
944
637
1464
962
409
1593
537
1306
1461
428
693
1173
1143
495
701
1533
1214
26
779
1049
1506
809
465
1235
145
955
8
1587
655
1125
1314
1151
173
181
1407
199
1031
625
831
1448
439
1355
1063
393
274
1024
1238
1270
225
267
1047
735
793
295
1527
58
81
1315
770
1091
331
1058
488
671
1197
1248
1591
1548
464
1288
468
1333
1268
1157
1246
990
1501
688
1160
457
700
1021
511
1308
147
1298
242
137
192
659
452
1592
1371
1432
1366
1169
1392
1121
373
678
1224
438
387
968
167
385
277
1069
1484
790
278
23
259
1469
183
535
1540
314
964
418
222
143
650
1013
1230
1045
783
406
380
821
354
1217
1257
520
1163
125
115
1494
1090
241
1325
62
1102
1167
1361
1536
1424
3
368
692
1144
1578
371
108
728
683
1313
1362
112
332
857
103
166
717
899
1447
266
430
388
56
207
268
303
903
755
202
881
1203
597
188
71
979
1223
999
1119
917
774
1479
894
832
883
98
1072
681
1165
940
323
228
1342
1453
1596
697
739
1293
1526
154
1522
769
699
1161
251
956
1502
853
79
808
1302
21
1541
1584
163
1563
1174
1126
1425
1127
1393
1487
414
1583
471
514
134
884
1054
1133
94
1210
925
159
443
86
751
817
996
1555
1518
1170
1030
1514
630
322
589
1385
158
679
534
480
327
198
1508
581
652
34
684
182
162
1408
1530
1241
97
270
631
926
1403
1154
1003
1350
370
144
969
1180
544
676
410
1449
862
313
194
0
743
466
704
113
621
84
1406
528
1419
391
25
1193
1100
1507
350
984
386
1120
703
1183
1081
1137
1253
644
929
829
906
448
1562
708
1319
1376
131
1390
1140
440
1201
874
617
1254
1041
405
727
546
1094
311
733
340
1104
796
859
1185
435
1415
921
45
397
423
132
482
838
1512
1311
1317
819
882
1398
1542
845
1339
221
648
938
70
740
1443
1553
305
348
512
690
627
1096
561
1136
486
69
238
573
609
1323
287
301
179
552
1150
1198
212
343
851
1038
453
105
967
1164
40
1482
142
318
1458
441
1344
1156
1199
595
320
868
1052
702
1225
587
508
273
461
972
1265
498
1109
363
479
1491
1397
148
696
578
1454
261
761
776
294
1051
506
1331
358
596
152
392
1571
1289
1244
639
361
496
1259
293
890
892
307
1192
510
558
994
141
613
762
1077
1575
126
1182
1267
519
791
1040
187
850
150
55
138
1208
422
127
35
434
1493
1277
844
598
104
986
27
433
802
541
118
660
41
565
1083
1273
803
281
1472
1286
680
1184
682
1426
720
1039
641
1496
839
872
818
723
1565
1588
429
1440
893
1441
500
836
1326
760
455
1190
1275
49
1437
1567
507
869
982
1343
157
1079
866
920
904
253
525
1115
772
981
628
1312
1564
685
792
1200
42
865
377
459
571
1218
342
185
276
352
1382
319
1329
1123
1444
1405
947
1534
732
1220
1034
1112
189
785
586
22
1042
1369
736
257
161
339
756
1307
432
1117
1372
1543
1340
1412
719
1309
549
1556
707
1354
309
1550
123
16
1595
1435
68
1420
1391
73
160
841
1247
444
1025
775
998
1152
744
180
1328
395
362
1337
1546
1213
1172
849
530
209
608
1321
1036
542
548
959
256
611
533
10
1503
85
1485
493
375
149
942
78
691
710
1538
856
383
1016
1589
101
1291
949
562
310
566
1460
1459
619
933
416
1207
1260
255
467
447
1400
111
1347
1056
1095
1146
1402
1132
1082
1242
205
478
610
1428
1023
1089
356
1234
475
1176
477
875
1075
1521
1477
1166
615
460
503
239
1227
501
420
1155
1580
991
431
907
59
522
634
1399
946
1162
54
300
888
330
1015
593
445
961
824
646
1351
109
197
799
333
975
360
328
489
1271
1547
788
325
481
569
463
1191
861
449
43
419
814
206
1067
852
698
742
1181
867
958
491
1434
230
404
384
492
780
908
846
1457
590
771
1251
1107
526
1465
570
757
675
298
1
941
1205
1294
987
1346
24
1196
1324
1074
1274
1380
284
216
1284
706
494
579
936
7
931
184
601
15
291
934
518
376
725
1009
66
346
822
1301
966
1429
1002
121
458
694
810
976
536
988
1463
236
1537
272
1010
1101
190
647
767
606
642
909
129
716
44
299
960
483
930
1359
1287
653
13
130
759
529
1581
1330
6
540
1467
1488
102
863
758
550
378
75
1029
1297
1138
1320
279
517
928
1433
786
1300
424
1149
355
67
1373
338
564
997
1014
1598
937
451
1422
1285
437
211
754
232
1524
353
37
502
20
726
689
1549
1492
980
1570
782
76
171
752
1098
532
812
412
636
951
208
1468
90
1586
664
950
1510
1395
1471
18
1504
128
1481
705
1228
924
605
1349
1222
92
217
1290
1327
93
638
172
1272
1281
602
1414
575
649
442
237
1490
1365
74
1057
1353
1129
545
1436
413
1249
285
1474
224
718
1462
1423
1356
741
911
1473
1216
249
1523
1322
61
1269
1456
1318
588
910
673
286
316
721
1525
559
919
1409
1116
87
1087
1378
880
923
280
556
1480
1061
943
1381
220
398
140
896
661
421
28
1080
748
46
219
576
1515
953
624
349
989
32
599
766
583
1250
1279
768
341
124
96
321
1389
227
1219
1105
1431
858
315
1292
1552
539
594
1088
263
577
1106
891
1478
1557
789
1128
1159
560
1062
600
1296
36
265
490
585
622
1470
1179
620
244
840
1505
1055
411
1559
879
1352
811
1551
900
83
1576
1410
753
1266
1427
1256
645
296
234
677
1171
1043
764
133
1035
847
1026
985
1085
425
521
1582
1158
1539
1574
91
201
513
497
737
446
672
1064
827
1513
1175
1212
1001
801
895
1384
864
153
1544
830
1139
12
1084
1394
119
1018
835
629
1142
912
63
1221
1475
390
1560
1194
289
214
1535
745
666
1305
1059
848
402
1240
469
1310
963
1442
1573
1153
1566
1451
226
651
304
787
345
252
1335
1020
39
223
337
747
855
450
1517
1032
146
245
765
1236
1528
1531
905
993
1019
1130
379
1211
1118
417
1229
1113
240
1374
640
515
169
665
1005
1511
618
218
584
1554
1370
1261
1486
1585
306
1579
1577
1283
60
499
170
472
19
1345
1071
1364
1243
889
623
114
312
663
504
1489
