385
907
1039
715
739
225
365
348
268
452
795
374
1198
116
608
541
1242
1396
1591
304
524
609
543
129
1162
736
1058
1451
1491
316
927
82
569
516
1428
1073
1230
1108
505
303
245
1120
872
586
250
1558
1170
919
337
1290
1010
575
1450
1434
1173
46
848
1114
1104
235
479
771
1228
1550
1578
1328
305
463
108
1062
1433
1379
1441
703
1364
874
716
480
944
1530
251
1538
120
460
296
1256
203
1458
1214
1409
141
1477
1083
711
962
688
403
598
979
631
243
50
672
1429
10
470
1254
656
383
1314
1302
255
98
1467
1474
177
1489
1331
610
381
1036
347
1376
1533
404
1022
1006
497
514
915
1168
692
1339
515
1138
349
1264
993
520
701
713
1395
1018
1181
710
1001
8
418
294
526
494
1330
1437
990
306
813
1276
450
97
412
1167
1446
561
1188
436
831
854
1219
319
1212
416
376
756
600
72
233
977
728
751
1309
180
618
714
15
1194
895
454
1161
777
224
1300
1107
901
254
1514
396
24
1045
687
387
1155
1597
173
698
232
477
899
156
4
1158
708
1316
767
881
307
729
438
849
239
1259
369
562
143
244
1373
911
71
299
277
1515
806
1513
1106
1119
267
1466
123
817
75
183
746
525
781
186
531
705
897
1345
1049
593
947
21
238
430
87
991
389
1117
867
1552
1295
77
39
1085
594
1439
740
6
1288
368
737
30
213
318
1355
744
1239
1142
928
144
539
361
1322
778
1545
782
908
81
328
1143
840
580
1414
968
174
187
79
900
869
682
1110
431
1572
1223
865
273
1000
587
576
1390
1093
583
48
402
206
663
63
731
1299
93
1468
800
1368
1333
1585
150
1287
341
1503
223
592
338
25
472
1462
875
1307
1040
425
1102
511
491
152
589
420
1261
1343
1432
1048
509
1277
1321
574
298
852
1218
301
809
1590
766
976
933
892
1238
931
1059
563
1498
749
1541
1535
94
1340
493
126
964
136
466
1399
405
1090
834
1084
313
1484
1278
0
784
1166
707
1549
507
648
1134
1008
1269
366
29
604
441
554
1303
1564
413
153
1366
295
719
1069
917
1
1443
2
686
437
642
607
790
482
1483
653
1580
1088
19
498
85
329
1424
100
923
1203
478
1561
724
818
1481
904
773
1318
1386
1263
1030
1313
959
297
1208
1055
675
342
1179
350
31
1243
700
1334
605
1065
602
489
201
759
216
1327
1125
797
1056
799
770
1113
615
826
1245
210
585
721
476
276
199
421
469
824
971
166
214
1388
47
890
157
693
1273
616
229
1566
1195
627
547
796
550
495
603
427
1344
750
584
1310
252
125
1003
162
980
451
185
1201
527
1596
222
1361
1226
814
1392
433
204
14
1473
954
1378
467
606
131
74
1015
880
859
568
282
989
588
1095
860
139
658
981
803
871
242
1246
146
1449
1574
922
102
965
38
1293
11
424
221
1047
1037
409
1150
1526
912
553
59
985
147
308
1291
1551
946
812
1417
1563
918
1180
246
1393
1237
694
730
1121
903
624
1042
1420
1461
314
681
271
1145
1469
1074
1149
779
417
712
359
1472
723
1071
992
137
570
119
440
1131
164
557
857
1298
28
863
231
665
330
1421
1372
805
1354
808
1371
1463
1189
462
320
1383
193
645
950
218
112
878
695
1079
1589
1027
161
661
963
623
300
921
1204
929
735
475
630
764
807
816
792
741
70
718
1012
998
847
90
327
966
1077
1531
22
1518
1289
1266
91
1044
545
1423
181
1377
597
1262
678
1255
1297
398
1292
317
1046
1406
1169
683
124
1275
1555
496
762
995
565
1595
898
33
1511
1066
743
135
733
591
883
1279
987
953
704
1272
685
620
321
492
925
1140
190
823
464
1171
1353
836
1554
1075
5
61
559
311
1209
1034
551
748
1346
145
371
1410
1319
1348
465
763
1141
571
445
1070
1249
260
679
1072
1586
122
1021
292
1007
1080
1460
439
215
1478
1493
738
168
666
241
636
689
399
960
1560
80
519
1152
1210
838
117
351
970
1241
1502
169
655
88
360
1024
1257
513
247
356
1454
1060
765
886
680
1425
114
248
302
448
794
893
1581
535
142
760
148
1568
833
1445
44
612
1457
1592
274
1068
1470
982
1516
1455
788
1234
435
935
184
1301
726
256
1426
1311
202
234
534
791
237
706
542
1369
1362
758
434
997
170
905
510
558
853
1200
916
92
702
1540
578
1559
1224
943
158
367
1332
1268
352
68
548
263
1408
776
83
894
1023
934
634
393
1480
1029
958
873
889
1324
1588
259
17
1400
1521
755
533
560
1129
1206
1325
1126
121
287
1529
948
1124
851
1571
640
1442
579
720
370
1367
1525
1471
1544
1594
668
1499
1281
757
130
722
1159
1430
1562
647
1415
625
1217
279
1033
1252
1374
887
1306
67
581
113
1411
1404
536
64
861
595
674
1357
1043
1359
265
891
855
315
272
1137
364
353
978
841
1537
1407
628
1553
546
734
1308
175
940
974
1089
1352
391
697
333
956
573
95
1341
501
54
846
73
622
1587
523
1205
264
429
43
567
544
1082
1370
613
1267
1182
335
1174
1507
517
1350
1453
1025
1270
357
401
1547
1336
1253
322
459
1342
104
633
646
599
456
1165
1524
7
485
783
52
172
280
266
334
529
1523
179
1284
37
1064
798
1122
909
882
1505
1220
324
344
455
354
973
1394
488
115
1338
89
742
414
617
885
884
1054
346
262
1097
1546
473
528
191
504
938
649
1154
133
258
1148
323
275
1286
1144
1485
1135
160
955
637
870
1250
422
99
1305
1312
228
200
12
78
1101
483
198
532
1440
1351
1557
1127
632
1389
205
819
555
395
219
512
1052
1435
1509
1479
1011
996
128
747
1593
1115
1510
957
1495
937
942
530
1009
1418
167
1385
1028
506
1199
1164
641
614
745
134
1091
372
408
1496
377
1103
969
691
945
386
1358
1191
967
197
761
811
676
754
423
110
1522
1512
178
1402
449
149
772
1569
380
669
975
1419
1172
217
289
951
1436
1016
932
1438
291
27
1323
1176
949
629
988
999
382
457
3
309
1517
902
1216
446
1020
1548
1156
36
23
1482
443
18
212
732
1448
1229
290
1157
549
240
40
1221
727
660
1019
635
468
769
118
832
107
392
690
56
1183
1381
1401
55
1057
1100
1130
49
815
1296
42
1178
804
1207
1490
1096
1488
522
619
774
709
1382
664
35
332
1387
906
866
914
1447
1504
285
879
1543
1486
406
69
1265
1527
1283
986
1133
1233
572
1146
407
643
864
1078
667
1087
138
442
428
84
1248
1304
1175
1317
86
236
1492
1565
502
1582
481
227
856
1185
1186
1017
1050
432
1476
825
1363
375
1128
1041
1465
789
1063
1153
626
444
1280
208
257
888
930
1092
362
611
1405
752
1349
651
103
1112
820
1192
1271
66
521
839
379
1197
65
1519
192
896
768
868
662
111
1497
312
62
877
1501
786
1035
325
639
858
1567
780
230
1464
1398
785
577
1579
601
415
564
1260
827
410
1190
53
926
453
1403
220
1573
835
725
1051
1247
96
1274
670
652
924
1005
209
284
109
26
994
1193
1294
1539
1416
1347
920
1187
775
503
310
1258
159
195
474
552
1163
1094
106
458
983
650
1076
196
843
913
972
518
127
684
787
1365
281
671
1002
644
556
537
1577
821
76
1222
1459
1391
1329
842
419
400
487
1014
207
41
793
1536
189
105
1099
345
499
1487
490
1232
540
194
984
717
1375
155
1520
699
1013
1213
340
1004
339
1105
1118
