59
92
1121
429
816
577
115
932
341
590
722
1469
1512
1404
301
1518
1485
1491
235
814
1506
1292
256
389
1393
387
1282
34
160
74
972
780
1244
688
637
513
41
585
1060
1499
105
667
1090
1027
354
366
693
696
721
1242
495
113
214
918
624
382
305
1449
30
323
626
406
1402
746
1439
666
71
400
1190
1269
1074
55
883
58
938
467
264
1137
393
1047
1357
730
1352
1009
1466
1284
1561
1311
1014
525
169
1337
1573
116
539
1076
237
1486
1444
861
1524
527
1564
552
1350
415
1262
540
412
1475
1531
332
410
774
974
1560
1054
789
1108
640
904
1252
1059
251
1582
1218
473
848
924
1413
18
1508
1359
619
479
960
98
582
381
1534
11
1256
1330
991
1391
1028
1092
1056
174
1175
271
769
428
402
706
785
218
136
708
156
1376
197
1408
837
906
438
1390
652
40
866
587
1545
142
250
383
173
939
1554
663
445
226
61
1513
813
1428
760
352
1574
1103
43
828
182
1182
362
1273
1179
351
1578
1245
111
1349
321
153
952
638
1500
703
962
261
835
350
1595
749
1296
1386
599
954
0
853
125
243
956
1057
683
1430
859
491
1523
781
1501
1342
878
660
676
1464
1277
422
121
1086
349
941
1572
522
396
1222
750
621
1045
20
120
281
1265
934
299
649
1268
948
618
1267
1136
252
975
543
763
523
616
838
1326
300
940
448
910
1325
860
536
955
147
568
747
1188
1346
230
392
424
709
1000
771
97
1510
1333
388
369
555
200
1446
1331
417
571
1033
329
557
16
1110
1286
1334
109
768
505
1159
1490
403
1220
1585
1005
171
1201
483
654
17
207
674
1024
1155
544
1410
842
608
104
631
282
942
953
277
856
1395
576
298
1263
1443
1340
1450
720
1521
1109
217
46
719
546
1133
49
117
950
1418
725
468
1341
1123
1125
129
456
258
538
1440
1351
1058
752
1230
685
803
188
221
463
1563
516
661
755
27
1415
85
1361
210
836
1
1104
249
72
225
541
1170
1202
1176
1117
7
1064
1134
101
236
764
1503
292
1529
737
459
707
506
179
559
4
775
5
158
1495
1071
453
1363
1356
777
658
1166
873
689
679
736
1423
166
1068
93
32
319
1468
872
1084
885
1581
976
240
1081
76
95
1180
1240
668
307
1231
1394
742
146
521
1463
135
66
1556
159
192
446
123
1183
114
372
1161
494
1168
1519
629
1236
593
1067
29
1153
466
728
622
1100
1532
1131
1447
145
1255
819
405
1127
286
377
633
1319
128
1035
1173
163
1473
1584
554
1304
1504
10
563
1008
1152
930
139
345
50
820
1278
227
1477
788
1456
1053
779
1258
134
1198
260
1476
776
1004
995
1339
1219
1374
1049
627
263
1530
664
48
1192
112
636
164
643
338
51
569
449
822
364
545
761
1442
177
1299
1260
1364
426
805
646
611
1160
984
1002
1321
1289
1224
444
1562
1405
684
699
1586
1251
573
1414
834
1343
33
161
86
551
998
26
850
431
597
1549
762
595
1021
1303
702
154
792
241
60
268
690
1514
917
1492
1238
340
1093
1146
1163
427
420
450
1436
893
244
862
990
395
809
1587
1392
272
1441
1195
600
398
152
1031
565
1324
1366
421
1118
802
1479
1243
1558
270
1036
500
239
316
442
460
1362
1461
471
665
1250
1079
650
1480
1184
1089
1085
1426
694
868
212
943
1145
869
454
87
206
1144
346
1318
951
229
1226
1527
464
1327
1298
1026
110
149
1580
107
222
1082
1229
1354
262
1596
1380
439
1241
919
807
328
586
1105
963
1590
613
1411
75
1568
821
1537
1167
1412
920
1397
1011
486
290
1069
1297
817
376
1275
397
1370
1128
806
936
759
798
1538
440
1247
896
1489
155
1234
45
1046
1377
276
1552
1213
1316
1502
474
1215
391
1142
927
1373
1214
172
1116
441
847
1139
889
783
892
612
1248
1246
1488
700
178
1012
254
1371
1208
162
35
185
890
503
1312
411
937
811
1186
53
475
898
234
957
1478
274
609
1344
476
1329
1483
815
849
804
662
729
786
829
825
1162
992
901
1041
1216
280
451
1197
309
831
784
324
347
791
363
1132
409
194
572
481
1098
318
630
1383
716
1496
1301
1107
980
1570
605
1432
1384
1320
1205
1375
288
1451
533
1460
141
1348
705
1566
1221
1367
1421
1313
168
8
993
1106
1482
704
1536
1022
1543
1575
1143
1150
1077
122
958
1096
857
1422
312
1455
1448
137
659
492
978
1471
1355
826
1061
949
1338
628
1051
1065
131
876
1003
73
80
130
1264
1172
1594
614
1576
190
1227
165
1138
457
401
964
905
68
988
183
1015
1073
887
102
434
1122
283
485
1592
592
715
335
447
1588
673
336
311
1525
304
556
1487
380
361
880
1151
717
1126
1271
84
549
1211
413
28
1396
553
213
1551
186
1020
977
1007
1431
921
687
83
879
1181
1322
371
132
1194
944
90
871
886
1452
1013
1511
443
257
1148
1274
1169
394
867
1199
754
1040
922
408
1287
1437
579
1156
1300
1055
375
470
1006
1177
935
1459
1520
458
314
1023
738
748
1210
512
1038
337
181
528
888
224
1493
13
581
1235
452
1353
846
1597
1484
167
1050
1078
478
1095
436
330
844
1141
367
1569
767
180
894
1120
52
1111
882
841
368
1517
373
983
946
1232
1369
1158
1030
56
1535
430
1347
157
1212
723
325
204
1498
246
374
484
1239
854
1140
656
425
710
1454
170
864
54
1306
1567
432
126
518
670
498
89
740
1593
808
858
745
265
947
1193
1157
982
1457
278
1407
233
711
1335
360
1295
1178
830
575
273
635
1308
916
295
502
326
971
615
969
691
1526
1497
348
1280
31
839
1129
832
202
1294
743
1305
219
1044
353
1516
78
986
193
884
1276
913
499
287
644
520
741
1147
127
399
606
1400
416
1416
385
852
574
69
21
342
308
514
929
1546
773
1577
584
108
1149
333
356
567
343
504
757
997
480
1583
547
1571
201
1540
726
526
77
695
645
928
12
1307
1559
232
996
423
1185
1187
1254
1420
598
994
490
465
339
999
508
1191
238
1189
734
724
1314
1223
1165
228
1472
15
851
143
865
1345
678
1043
796
44
37
900
24
800
370
532
1445
531
1207
623
1225
384
1088
1429
510
534
855
203
561
692
1017
945
1010
589
19
1135
1203
79
801
284
881
1494
1270
985
933
1032
1591
133
1206
1462
358
1553
795
220
266
1358
82
1409
617
1228
199
701
915
840
1309
1083
601
530
1217
1336
1381
1001
1315
103
106
756
303
987
610
223
989
870
462
1557
47
1317
925
625
766
560
42
140
64
344
558
818
118
1288
1154
94
733
891
1368
908
735
697
753
6
926
313
517
1259
1302
187
843
91
787
242
57
1406
1453
682
461
686
965
1382
355
196
973
1505
739
1200
331
1398
827
931
1204
1113
641
407
1387
562
1048
602
1018
1328
1310
979
253
1237
1434
144
22
1019
81
291
1283
731
604
799
1332
1544
507
648
797
899
1388
639
877
1433
245
1062
1257
959
1233
1548
578
810
100
515
357
1458
1075
1037
211
874
1097
208
151
1378
1016
1112
968
794
1102
334
365
1281
863
493
1401
535
1196
793
419
778
1290
672
548
1550
1515
216
1474
1533
38
150
509
1389
119
1025
923
790
302
322
1598
1072
310
967
675
669
895
594
455
1130
296
824
680
758
1438
489
327
469
255
1119
713
1403
1091
1114
293
596
1266
744
566
653
902
833
247
903
435
511
909
1547
418
591
191
378
1424
583
