739
1241
51
1010
17
1074
1008
1248
239
1575
952
1279
905
4
449
368
1555
1188
518
1535
1057
76
901
1331
328
869
683
576
765
1544
1583
63
1435
1085
1262
1384
893
583
574
719
1437
646
177
28
36
585
933
1251
469
1250
1457
836
9
402
928
1082
1028
1441
415
1423
815
1305
465
176
625
168
1281
1325
819
820
1011
229
321
48
413
631
249
444
1452
612
425
1440
292
331
381
934
1433
1271
549
981
996
726
1031
870
510
392
462
1554
1076
358
1253
732
519
131
728
890
770
226
1179
44
1398
146
1266
461
1027
219
1401
181
1571
407
1560
1504
707
165
1083
1115
148
787
1365
1239
1307
645
558
1342
213
391
701
978
1236
1317
926
764
1448
506
1471
189
967
127
186
858
114
904
899
1564
58
608
314
938
1310
66
522
418
1352
1078
757
1566
1044
267
352
1404
373
626
1003
643
1500
1295
466
957
136
1216
1591
1576
262
566
1463
642
49
1306
1168
1569
843
1249
763
336
1217
1005
1104
214
1218
682
847
1204
605
302
398
545
1300
548
998
1109
1245
961
1343
1157
1209
1348
1405
79
1192
964
966
577
1393
1214
20
344
421
1134
1482
3
123
1557
1282
1536
1036
72
740
1017
174
1073
1460
1030
655
783
1483
1501
285
1492
557
1322
1480
753
1238
471
338
816
1314
313
485
733
291
53
810
254
921
447
150
309
854
1381
872
613
1190
1446
234
1558
1102
987
599
417
1477
1142
1061
760
1130
609
1573
403
666
1469
1518
303
867
803
117
278
960
1068
1259
473
1067
1164
1422
1514
14
222
793
225
980
183
1347
1525
1110
1299
178
1303
369
1541
26
1267
927
718
258
1206
855
371
526
579
1449
1012
1055
220
690
445
662
244
1021
476
1396
341
1505
598
1097
1272
118
1009
711
937
1237
429
0
1340
1462
675
372
1376
1084
532
1232
993
23
272
1474
1060
547
1467
1081
1127
722
1053
60
459
15
101
77
924
1088
188
1186
322
426
159
984
1320
989
1284
1431
1264
37
846
562
1118
100
241
517
935
1038
824
723
516
925
35
1334
784
305
1344
260
698
748
813
535
551
982
1476
617
143
758
280
1388
959
687
1466
160
1375
345
1496
446
913
1539
158
995
1402
1470
909
695
776
1071
1058
903
794
71
868
686
1289
1378
325
1464
697
456
1499
111
969
387
622
155
108
789
199
1556
400
592
1582
528
1321
40
665
1434
559
388
1512
484
442
556
1324
173
191
611
1485
1503
479
1154
82
13
1125
588
1136
1522
109
193
1002
897
1374
1335
141
382
1590
799
68
1511
481
1577
977
83
195
1223
1143
451
1129
635
401
1588
1167
363
741
1024
1015
684
453
514
1574
600
1252
74
1116
496
710
480
1122
326
1041
821
365
1004
1392
673
206
834
65
1395
67
826
232
343
1137
1360
672
678
256
427
668
1568
1101
796
749
974
1066
153
708
1215
705
767
1114
1224
1572
1567
478
1596
1584
1361
610
269
533
367
1018
667
997
985
1370
1412
12
1155
1497
1413
860
968
1270
1489
24
1274
455
852
87
59
86
78
319
154
224
1202
990
1475
320
81
1330
659
503
1429
405
1410
915
1285
1481
231
1246
124
1263
1565
487
992
1087
853
210
781
190
33
88
353
394
1144
1100
1520
1356
95
804
649
881
290
1039
818
1227
1323
862
38
746
1445
255
1229
1013
898
144
1148
801
896
587
261
500
166
454
1351
1313
147
541
875
1240
1528
1379
1524
762
647
908
460
865
582
121
936
1551
105
385
1171
1592
167
275
1139
499
916
1521
1034
1519
529
1308
10
534
1506
1138
1163
717
1230
1201
1180
664
636
670
1421
467
584
1358
266
1453
458
157
951
1559
1174
97
390
1534
1098
1175
504
492
32
1368
122
1203
1292
1235
1233
508
536
1585
616
1105
1149
640
430
384
621
515
637
894
1048
573
756
1516
844
1152
1456
1286
246
527
947
1211
263
790
702
1172
386
253
1542
1312
43
359
498
1419
1049
833
288
1020
539
750
1173
654
540
825
696
351
886
1508
930
151
196
1372
603
125
827
1359
477
1276
284
676
102
1498
330
1086
1438
786
798
946
137
861
572
251
161
1533
766
806
1439
1026
172
491
356
84
420
1228
486
93
632
805
866
438
318
734
737
1549
395
546
332
884
634
907
8
1183
811
1059
129
1133
567
25
1424
1397
1135
98
1597
679
735
1151
1226
1014
1455
47
1298
1200
571
1210
580
1382
103
953
1345
170
1362
864
397
778
563
1332
281
1207
75
1547
991
21
187
139
950
1162
1304
182
525
736
544
1294
830
802
423
658
42
46
1185
169
800
1170
1025
1417
1336
27
1301
1515
986
779
410
943
1561
474
1346
119
653
156
215
1579
283
107
301
211
411
1546
754
179
99
1291
1029
116
1099
1442
920
1507
361
651
1050
483
1153
555
900
52
1488
346
973
601
399
586
554
1035
311
724
1112
113
1007
180
475
958
1119
1040
1242
892
92
1326
1472
1490
1426
370
142
1093
293
624
184
1166
721
194
842
1509
133
832
1394
652
1531
274
1165
171
1487
703
1443
850
744
1473
944
1540
589
1427
780
923
761
265
90
1019
1181
175
106
376
152
1158
871
1092
889
162
252
1064
714
615
949
501
450
1339
259
1128
994
755
208
56
482
618
1328
791
530
497
197
641
1283
1550
1461
1
1502
379
614
393
627
797
569
383
350
713
1277
932
299
323
1106
138
940
1458
1278
971
849
294
70
416
128
317
1318
693
878
1189
685
163
495
337
619
595
310
1414
596
879
209
1187
828
692
490
1494
956
1357
236
130
1269
1150
1337
1156
96
553
591
785
1089
1287
1366
578
227
452
120
378
493
1261
910
942
660
112
1221
1194
349
509
377
1595
306
1072
720
1459
228
282
1275
874
1415
1598
315
1095
132
1268
1386
424
69
829
1220
1080
1428
1254
1225
1256
704
436
774
422
656
922
983
1193
488
1121
419
360
433
594
709
22
1578
1411
364
1160
1400
494
1580
277
1290
891
880
464
307
347
742
1425
19
11
975
1042
212
1315
851
1444
752
1090
689
1523
1219
1495
432
963
988
296
772
812
822
198
876
1257
650
1589
887
1538
914
91
7
731
1231
414
970
1069
362
412
809
788
706
777
954
1096
1311
918
531
775
1479
681
725
268
550
396
575
1255
238
564
61
348
1288
1350
1333
448
342
1117
1052
468
374
1124
327
537
18
715
1537
955
1432
524
838
512
929
135
513
593
511
329
245
1212
538
221
848
1302
5
1329
1000
279
54
126
1182
1070
34
1260
648
1493
1280
1383
877
1450
747
623
217
1198
237
287
1094
1063
1197
633
663
859
883
841
1001
1113
520
1364
1403
888
1338
1371
354
1416
104
745
205
657
207
1380
931
523
1056
73
671
333
1161
962
1377
807
1526
543
729
298
999
1043
759
882
1177
1391
164
1195
948
1594
1033
561
247
1484
743
1258
1247
1363
1123
233
1454
439
94
856
751
1409
300
694
55
355
840
340
885
45
1022
773
463
324
41
1054
505
1354
730
431
235
406
1385
1563
1047
972
1465
691
1132
1369
1586
1065
1178
204
216
1543
375
507
727
29
502
857
1146
62
270
677
699
1478
1447
831
1126
835
16
1141
218
552
1169
289
1147
604
1418
243
1390
542
1176
440
1562
286
1079
817
357
1107
1051
1006
792
304
380
1581
192
1234
264
1532
1548
771
250
389
979
140
1355
1046
795
273
1296
1191
1145
1273
590
428
1486
