1236
1027
634
854
976
1527
611
995
923
1134
458
985
997
485
1426
973
850
1093
353
90
1465
650
161
740
237
1123
739
1043
41
1159
64
946
249
1596
298
693
11
365
916
886
645
1120
468
0
453
419
1406
617
1298
1445
915
718
825
697
1222
1545
1191
851
207
1266
1054
432
440
218
280
1195
959
1584
986
1280
735
1283
795
295
361
21
1572
801
841
381
1368
661
461
160
777
1392
1145
288
500
1299
1551
58
504
1196
620
786
520
16
525
13
65
1552
406
1201
1575
1229
18
163
745
512
1530
4
918
653
1439
703
300
1372
390
245
771
998
437
409
1081
1498
1076
260
129
1320
484
980
30
1065
769
367
1365
859
785
433
943
1131
733
306
939
405
984
1395
1590
598
551
360
329
246
398
800
1341
1473
255
1237
880
725
1250
940
271
126
19
993
1418
12
793
962
975
112
103
1206
1148
48
176
50
45
639
721
811
1463
240
1536
927
1172
326
1293
1577
944
990
1178
876
549
149
1157
233
819
1309
10
1538
1193
567
1208
1271
190
331
477
177
842
569
750
755
847
133
1442
1156
116
1297
1369
539
1144
1049
1067
1366
206
900
1449
1143
286
43
1015
1080
498
219
741
663
815
1284
1581
1506
316
1013
122
798
966
782
802
180
647
1083
829
158
1122
909
1030
593
797
98
446
447
1360
930
1404
1318
555
396
78
732
1099
1474
172
628
1451
250
375
265
494
454
238
714
332
91
548
715
684
350
1496
230
698
1290
35
1185
748
657
685
1353
1399
1585
756
710
1303
1388
1454
1086
462
1133
831
969
362
1592
949
1321
1328
346
1489
565
202
1011
457
1492
448
1333
941
866
425
14
319
893
935
812
810
1537
483
1308
908
1110
1526
1063
1467
1501
1310
1105
259
760
1593
1183
1244
1199
474
1508
509
546
1578
1160
482
1182
56
519
1525
708
671
76
1515
426
111
1296
594
656
343
706
1565
823
787
835
638
652
1035
1019
824
574
759
1358
1387
878
1167
222
213
1069
1224
1561
566
792
428
1073
310
712
804
307
1115
480
1202
27
581
1286
502
283
1259
497
922
269
1482
100
1149
1562
702
275
1168
1291
1219
1382
1343
469
1002
92
642
167
1509
1091
1543
141
400
324
157
938
532
214
883
983
849
764
1074
629
852
587
193
203
889
924
345
503
490
320
262
185
1070
223
1345
242
1257
1243
790
1096
516
24
1048
1502
404
933
630
1024
488
352
523
430
1478
134
679
1004
1066
557
505
1207
592
606
1374
254
1279
1215
901
25
1329
1288
1540
1444
232
531
51
225
171
827
570
571
1146
614
243
344
554
1100
1161
382
1425
929
201
173
1338
513
178
1045
1487
36
951
996
818
828
1325
97
1327
1534
366
495
896
699
489
700
273
1221
70
9
775
1331
1028
162
1136
1263
582
1064
1152
1460
465
256
146
1256
619
251
1103
1169
932
596
686
191
1029
1588
234
743
558
493
418
239
17
1324
781
794
1062
1017
888
590
68
1046
1097
1001
1205
303
1462
1313
921
183
1101
1007
1519
1597
106
1213
289
677
1158
1307
1466
1255
187
972
884
1335
709
731
1367
1432
1402
63
637
774
1574
806
1239
947
341
487
1379
101
1095
887
905
911
937
438
564
1522
1000
631
623
701
738
599
378
311
894
1104
1138
563
821
175
957
1342
291
1203
961
1405
860
1539
526
272
968
38
778
110
241
688
610
1113
79
279
347
323
413
411
799
903
1436
744
508
890
1141
874
1247
1484
1026
414
545
595
169
363
1422
729
29
117
318
1594
898
208
772
515
455
1411
184
1521
266
1164
492
408
1200
626
139
1246
60
119
1111
853
676
356
1326
294
1217
881
1
1059
597
1118
607
580
436
1363
1265
165
1312
1032
215
99
518
1209
118
1355
871
1415
583
1240
1351
270
229
1394
988
646
882
544
868
94
678
550
1031
125
179
934
1447
746
128
1354
120
844
926
1282
349
374
1591
1179
1598
1150
1547
3
130
604
1102
533
1311
1421
562
832
640
28
726
1234
510
37
963
1595
257
138
1220
1450
651
1576
848
1292
354
982
1389
822
783
589
49
780
711
1274
1510
885
855
691
1014
267
1412
47
1061
1568
2
1258
476
478
1267
444
327
1457
200
1186
1384
588
716
372
276
1165
633
1441
1180
1377
1020
301
1380
789
155
668
93
1410
1273
1359
420
1548
376
541
1373
417
284
1408
268
1475
1175
1055
879
312
540
873
263
591
648
754
1261
655
107
1253
1330
870
1400
472
955
475
422
734
1531
1041
1281
836
788
1559
605
696
196
364
861
342
1268
1278
950
1092
991
285
330
1289
612
816
948
1571
666
506
1223
636
914
282
669
278
216
226
143
1500
556
395
1304
766
584
1458
194
682
1125
1544
1505
443
1582
57
675
210
1477
757
244
1050
672
992
328
846
1364
528
1524
559
1461
1248
1124
507
912
511
527
609
1184
1385
1238
752
770
1226
7
722
1153
1272
618
247
809
1361
1181
1121
808
84
1516
1044
561
1254
380
1339
114
1541
1276
1336
401
1420
1546
445
625
1225
423
585
1476
1016
1036
227
1218
486
442
1428
863
1401
751
907
705
258
147
297
1352
1504
305
209
1479
765
1177
212
199
1088
1106
727
108
154
1528
1443
1068
1579
32
74
1446
113
931
917
704
336
224
1553
1517
658
75
1270
1098
747
1154
736
1459
439
952
304
925
314
1464
575
211
182
20
392
1453
514
1535
543
1560
913
690
537
1398
1260
127
1569
308
403
313
858
1053
1040
674
434
902
170
105
689
967
407
231
1499
466
186
460
481
1130
613
1116
1139
499
695
899
334
1003
942
370
1375
1554
1075
1187
970
621
977
1018
351
1233
1084
1567
517
1194
34
1089
77
522
1403
910
189
277
89
1435
424
1170
394
124
1188
88
1555
826
1107
1468
1319
1371
1393
1190
837
1301
536
1112
779
749
1520
491
80
1047
1469
979
140
1493
1586
421
359
945
1034
281
23
694
1300
552
586
673
576
39
290
496
839
159
1416
287
1210
1108
377
236
1437
862
1532
151
95
577
142
1495
1212
449
1058
1470
221
1497
1378
1414
274
1557
1542
174
1583
680
252
1078
1147
763
1174
1117
796
416
627
1314
1305
707
54
1523
1039
999
834
1383
6
1230
989
217
1315
123
1573
920
67
1285
717
1155
1232
44
59
69
467
578
299
1287
325
953
1127
15
713
1077
1005
1126
1440
1295
687
572
5
1334
83
1037
820
52
603
897
1323
1012
1409
358
22
730
1558
471
1137
264
665
333
919
534
86
1211
1008
1166
964
971
1140
521
643
845
1051
981
856
791
1071
1249
109
1228
1417
220
958
429
389
616
441
649
296
1022
415
1431
150
1227
904
1356
371
340
71
529
1129
1173
1252
560
1294
1566
987
994
102
602
1079
473
168
761
965
833
387
1010
1142
72
26
427
1197
784
1241
1357
1277
864
1085
1119
131
144
644
813
1162
872
293
153
1483
1072
877
384
397
357
148
1306
542
1564
1570
115
388
753
954
1452
156
1490
956
1486
728
435
1056
1424
1317
1275
865
385
670
31
768
1481
1132
1362
195
758
452
1269
166
1082
737
1346
767
692
875
1386
1023
974
1433
1397
228
1350
393
248
136
1322
87
164
1349
1503
1563
61
867
1485
383
1491
379
1396
1390
817
309
464
1556
807
391
192
1507
608
337
547
891
1006
85
1347
1114
1057
368
1407
33
62
456
1198
1344
573
635
742
892
1251
1430
1302
723
198
