539
1123
1388
163
105
990
673
591
736
280
880
461
144
317
1300
577
792
1504
909
506
1382
1006
157
260
137
1424
99
86
1334
717
1259
257
1019
1171
310
449
1390
709
1562
917
377
973
363
208
655
1031
419
1318
848
645
311
856
1245
47
896
907
136
1129
1234
9
231
926
1190
276
1064
724
1593
1263
1139
740
206
1021
224
1339
436
106
652
92
217
596
1055
978
1426
1508
21
553
183
441
679
343
1077
617
493
14
1262
579
433
66
349
790
42
989
758
945
16
320
135
1116
1303
134
893
513
119
1410
1307
1514
1038
322
537
191
1079
1194
892
1177
869
299
583
1465
672
1078
514
295
547
91
1146
1108
1186
288
508
149
890
738
997
1323
984
835
954
598
741
860
1463
233
593
1056
160
104
1050
1272
274
1378
1362
1470
1246
1166
1372
286
796
678
1580
1090
373
797
1267
268
90
719
1567
1041
64
115
352
450
1076
428
1067
1098
1212
772
941
390
298
721
801
1061
853
732
1136
689
969
582
1226
365
312
1444
27
749
234
959
133
923
6
297
873
452
248
1167
1495
1298
619
1092
968
420
1405
214
51
1492
1236
1586
33
613
139
88
637
1134
1278
2
878
1523
142
430
1320
211
784
988
112
820
63
417
207
511
1009
383
267
1155
706
1352
597
616
950
1295
171
733
1026
210
198
1556
1402
1251
737
1366
1555
180
1240
1336
852
132
1127
906
195
753
599
35
541
1074
179
1332
1039
531
487
126
607
201
1353
1538
1103
783
145
58
1054
1223
529
883
817
684
668
406
401
1091
131
1255
1517
1239
48
802
1344
477
1168
303
1511
1287
1321
1125
1381
1013
28
18
1447
1159
1542
849
199
789
1490
1020
22
36
1163
1561
1306
985
1296
300
1598
664
1312
460
423
905
186
1568
625
832
1370
485
939
1375
335
1208
94
615
544
204
209
188
1210
840
603
69
1057
1519
1527
1292
1331
1341
1391
1397
118
1109
333
708
1204
169
1040
1544
633
59
489
80
608
568
1581
1566
1530
1539
31
725
662
667
500
122
1528
376
867
581
610
1313
535
895
1494
1152
1235
1496
12
512
375
844
178
946
1107
663
1335
877
585
510
130
999
1302
1250
154
1359
249
1510
1338
405
272
1283
1482
243
751
321
1329
1085
175
380
1173
263
1058
519
1500
734
755
894
53
843
437
341
1373
750
748
367
778
810
571
247
384
1149
1249
93
1181
24
545
1266
1229
1014
159
958
1268
536
1541
1399
1476
227
1577
614
182
730
107
703
1221
935
1326
44
1180
26
120
653
1248
1525
826
628
1309
76
7
911
1270
966
316
1516
948
1347
643
370
659
1084
219
1112
933
612
1575
1473
793
1209
422
284
1407
416
392
1518
1280
1277
1256
1197
1308
256
557
766
1073
723
1493
57
464
855
1506
654
13
1503
710
1119
387
1130
1464
1034
1333
496
236
344
509
49
241
570
520
771
791
806
170
811
61
602
1422
1412
1094
857
765
338
168
1027
980
98
1281
442
542
1059
955
834
1141
760
1274
1437
1241
479
200
1080
1395
757
327
184
334
915
1421
46
1037
994
722
167
400
1554
787
1018
1051
605
707
1349
75
1324
1227
1183
4
162
865
1497
1114
1594
40
1093
1289
1231
800
1101
526
1328
240
346
292
578
1147
475
1512
1446
1379
1082
1044
1261
1596
929
1188
1498
1354
1113
1202
947
331
864
223
970
83
492
1220
1571
779
1007
1275
161
1193
140
181
833
229
388
524
495
1222
1000
1401
642
1551
887
1033
362
815
624
407
870
1131
1450
270
1052
1384
1573
576
79
483
237
1488
964
976
996
1400
780
1184
963
1247
960
504
397
1360
961
1042
611
1071
728
8
378
925
699
488
491
814
1096
1030
125
1537
1276
85
1244
332
1392
19
1106
957
354
1348
1435
823
5
971
561
701
501
1380
1237
1174
474
467
916
530
409
1543
81
718
1126
1145
687
1072
515
141
366
1132
1337
1048
1260
1363
666
1144
1230
1151
165
1162
1591
323
361
153
221
1228
786
203
1286
1376
975
937
1271
1509
1316
1485
1478
919
499
1002
1254
455
518
1294
836
727
193
993
1066
943
523
525
1572
482
866
595
440
1429
426
1549
1175
851
533
253
1310
521
1008
110
1455
404
696
788
1161
408
490
1138
54
306
462
899
1458
1115
841
1351
773
111
932
1535
1441
52
1420
1122
543
1224
762
1404
648
548
393
65
382
847
1565
1453
357
1288
336
1070
1387
586
1120
837
782
1526
1150
538
87
194
264
1087
816
775
1257
564
1327
1406
1025
1205
1521
902
1570
1081
328
32
1569
269
1457
277
1252
1409
1083
1311
116
213
875
1111
649
1322
735
340
11
1466
1301
683
89
1460
573
546
1367
1004
641
1414
808
192
936
246
888
156
71
1583
671
421
876
828
15
872
1225
572
1290
674
287
29
258
871
1299
1140
235
1545
918
197
1483
1185
1137
769
1350
688
1154
502
804
389
1182
752
439
20
225
566
1524
189
1
692
691
1218
839
39
101
829
114
1047
259
938
371
100
262
1432
850
910
1585
711
1480
1582
842
254
1102
381
882
794
761
1471
745
0
845
396
744
454
1393
1540
226
1016
1207
805
242
415
972
359
1345
1459
102
1164
360
1343
265
974
1413
660
862
574
1297
1433
846
587
698
1386
1035
202
1315
1198
1232
1017
1522
503
517
565
830
443
527
220
326
677
781
1097
395
73
1293
95
768
1513
304
1015
1049
884
1215
1003
931
60
62
1214
412
1574
1158
594
1088
1479
634
819
1187
685
113
1060
559
127
554
995
1563
1133
445
379
953
291
1172
631
457
1178
861
103
898
41
215
1124
147
640
891
1546
466
623
516
1361
1330
694
1189
1502
1550
281
55
239
629
1279
1291
309
1579
1217
986
121
480
1269
1191
282
1203
1531
776
627
987
639
1491
394
1355
505
1417
315
177
152
1408
1467
1487
1595
391
403
644
714
626
1065
1415
747
1195
368
774
1358
222
900
914
1430
1046
807
1169
74
592
567
1258
1368
1192
138
669
742
486
1427
1547
78
1456
777
609
588
1233
1285
854
385
173
458
351
1553
308
704
108
275
374
17
1505
661
951
129
337
532
1560
1314
1012
799
1157
1104
700
358
347
1160
478
1451
447
109
824
43
632
695
1211
1461
77
1448
399
313
289
818
600
30
927
522
764
230
1265
992
635
646
1428
979
425
305
920
476
1068
743
763
874
560
665
283
1325
1552
166
690
621
290
680
1389
618
1416
37
1206
825
651
348
434
150
650
965
82
1489
1452
686
1439
418
859
507
345
1443
23
590
1357
1411
356
1536
143
636
296
934
1533
1024
494
187
67
1011
339
117
216
558
858
1200
977
411
1135
1477
1589
1095
97
550
991
497
1179
1023
1356
251
622
429
881
386
1534
1472
273
1584
238
319
726
1001
232
481
1484
1005
128
325
675
176
1587
886
1440
759
3
1529
38
459
1170
813
1199
470
1394
1317
413
1238
266
353
998
555
739
528
885
1364
1520
294
1377
498
34
1128
1442
1578
1213
1385
1075
1029
96
1374
414
1201
330
1319
1515
123
534
795
702
228
924
212
205
949
1558
314
903
372
940
1243
1438
952
185
1099
1418
172
448
658
705
798
146
693
904
803
1501
897
670
50
1454
638
10
785
1559
1557
1340
1475
729
1449
45
473
1086
606
398
451
982
1036
72
1063
318
1176
1436
754
1117
164
1253
364
770
575
1588
456
271
1089
551
922
584
944
1431
1110
981
410
