1014
1126
1399
1068
771
678
1511
739
517
1464
1443
1137
1234
1450
984
1034
378
542
125
731
540
807
460
150
514
802
1036
1046
1522
719
687
737
350
2
1361
592
113
754
24
320
1544
40
1210
1431
1180
603
1298
332
427
646
638
431
560
255
794
1191
774
1562
831
575
631
238
975
780
397
1552
52
180
290
696
459
355
1465
718
1049
840
416
1311
720
231
1122
1548
361
219
956
873
526
1027
1158
191
709
1553
867
1285
1521
256
1474
1016
185
817
1252
1255
369
801
788
825
516
1242
104
1015
1337
1358
924
1004
47
1055
179
565
531
642
1289
1104
1084
1478
131
789
1559
1567
552
604
83
82
230
943
1296
797
973
1251
207
510
799
614
1017
1523
1555
1384
931
1019
239
617
1503
1284
830
536
204
960
554
324
242
1338
474
160
208
650
1584
400
991
1143
853
835
1295
69
1590
60
483
13
170
1133
625
968
1491
4
1226
1316
1389
244
980
1218
1181
334
1366
65
763
89
1304
1482
433
226
576
337
146
439
1353
323
698
1044
16
473
407
813
84
349
419
432
1468
412
758
1579
1294
618
486
294
535
36
1549
815
140
761
865
1383
1053
1129
507
990
1154
1334
250
1363
1524
391
1217
782
1227
236
670
610
1136
411
1188
302
730
73
965
1592
1593
848
1509
1360
1265
585
271
55
1576
1518
85
149
1076
1035
548
632
295
1577
1114
383
1112
1394
745
809
1139
143
914
525
377
222
573
1056
159
1155
475
1306
1196
1141
7
1123
705
1138
967
387
341
1095
1103
1423
569
1175
945
1546
1257
781
1025
697
735
214
1587
1317
1167
228
336
1066
209
1075
1575
612
29
1596
679
1026
784
1110
277
935
905
1440
1345
852
1228
952
1415
126
893
906
1343
1420
1432
309
99
515
1279
963
1331
919
57
1455
928
882
1290
844
663
1436
1557
20
577
579
1336
1074
130
1539
753
68
660
176
325
971
147
727
281
1348
1467
511
829
843
1097
193
154
691
502
714
578
74
953
169
1388
0
1073
1460
342
1528
1020
464
461
1484
330
733
669
199
934
949
322
15
1247
384
851
1205
889
1052
1157
1037
46
1212
1517
1209
1342
1096
437
626
1199
1357
372
1090
358
196
541
1469
1281
676
623
532
1063
35
1427
992
1461
381
594
555
1439
118
862
328
1323
269
803
1414
528
1367
562
890
955
265
124
921
356
165
1332
1477
98
1190
326
440
1319
51
624
1365
1131
989
1038
465
522
1442
1231
70
166
327
425
94
1186
785
567
287
12
1540
636
1418
845
371
808
476
916
596
1116
897
621
1351
1401
178
675
233
644
273
1580
482
1462
811
216
194
940
1305
657
1583
1042
1569
462
1245
783
1081
215
721
66
1082
56
389
258
1092
428
910
1287
682
1512
1416
278
21
305
408
17
695
1102
1328
43
1115
1024
206
1408
203
938
1021
619
1258
786
581
529
875
1275
385
996
441
711
850
1339
1273
748
1349
767
1300
1379
306
964
880
1211
1009
1240
1586
725
345
1487
282
421
220
241
351
1008
64
1058
95
1472
1276
1457
564
1402
982
1185
108
1145
773
1179
1147
283
1387
1563
442
563
1061
139
10
1043
446
234
724
1326
76
793
1347
1085
50
580
828
436
712
1516
543
1152
1105
145
184
168
353
87
1260
957
878
568
941
435
1118
917
447
1574
728
333
1403
1355
926
1120
677
293
587
1057
120
312
639
854
156
1330
1262
360
533
1165
1318
121
1269
1513
470
1070
790
1483
1479
884
1374
694
346
1041
1446
894
62
1397
715
491
1466
375
296
885
806
902
1183
877
1002
291
1412
75
161
1385
545
157
249
590
1485
1561
500
987
1369
1520
1293
1456
1530
1111
665
1023
1051
703
846
469
744
1314
798
1451
659
513
826
1087
859
834
1392
866
1078
365
251
1266
688
96
450
93
252
115
167
177
653
1381
974
280
1249
1263
232
409
700
1494
237
1375
1598
481
861
205
1400
597
616
820
1159
91
455
352
1480
1362
607
1256
152
264
1149
467
1591
1001
38
487
363
1018
1119
478
538
1071
1340
195
406
116
1428
315
122
101
651
86
1088
284
1459
593
1208
153
1274
656
426
1093
922
1195
1370
331
127
1164
1315
1541
417
1193
274
114
1426
1373
63
248
948
288
589
1170
1560
1232
708
1067
189
969
1488
637
1417
1307
1407
1525
1086
600
217
438
1268
1545
245
572
297
1184
106
827
1030
981
812
936
574
298
950
1531
453
818
1490
496
155
756
348
909
1356
399
704
896
912
856
1198
772
374
988
685
933
837
1393
693
286
1585
858
1532
1069
598
706
1430
321
484
107
1572
1377
652
930
1444
373
1108
340
105
1391
1280
151
898
816
985
913
1224
649
201
1536
901
19
819
1202
1346
1429
490
1283
1239
751
261
742
213
1473
876
6
1322
449
1282
112
777
362
710
338
198
849
398
1499
414
1244
1121
539
1410
300
641
1050
918
521
741
791
962
424
1556
508
1113
25
1493
1554
1207
1344
674
174
39
551
764
1264
749
1197
382
750
518
136
498
501
422
814
1194
847
979
41
1109
713
133
1489
90
1272
1174
229
1171
1597
379
1225
186
1438
1470
485
779
1481
100
463
78
643
1134
1091
1048
37
1406
182
601
1028
666
993
1526
458
1535
821
366
1187
1501
1301
1117
45
33
923
1206
976
1160
823
197
259
654
868
489
1182
684
584
1127
443
1098
5
556
1221
339
1504
1254
1013
202
479
915
932
1313
1333
645
1140
243
1409
757
1083
418
686
347
92
899
1359
1321
494
444
1529
61
776
1022
723
768
1000
1433
1475
1492
1201
1454
1380
1376
800
457
1203
553
1327
582
1288
1527
304
762
615
276
1566
499
386
887
904
1411
939
966
1031
1422
141
393
734
1099
1476
1519
946
942
1241
635
961
445
740
1534
872
310
1452
1033
292
1447
702
247
129
970
410
795
183
680
787
752
512
1486
707
103
1054
595
1435
999
769
1277
27
1080
1291
1515
1059
937
1413
550
972
1507
1396
1238
1230
732
944
907
181
506
633
1341
602
908
1223
1588
188
673
429
958
117
760
606
1537
1335
505
588
1368
1200
54
903
738
716
986
959
1220
268
838
1072
1419
344
640
71
451
221
1128
886
77
1101
929
994
1558
1151
1386
1040
18
1007
1
1364
954
354
995
998
1424
1395
343
509
308
1565
832
1434
9
1011
423
747
1496
891
1065
163
1297
681
270
59
717
1169
743
1329
1235
172
647
661
668
472
504
240
701
404
1150
1573
1192
212
275
171
1542
1538
1106
1006
729
396
224
454
380
452
289
420
836
1204
1310
72
1495
1215
857
272
88
1551
1172
1543
672
316
14
1497
1471
8
175
1132
317
26
547
44
746
192
620
497
1582
395
142
1259
1107
471
1308
765
1062
863
997
227
822
370
1029
1570
805
11
30
1594
759
755
879
629
689
1458
1278
1213
254
722
329
1010
1233
570
1498
683
138
257
81
1382
263
235
97
951
1246
1248
31
1309
869
583
1216
608
190
1421
766
1571
527
1514
591
1506
1568
1236
1168
523
1500
1222
1581
839
390
430
22
225
892
53
488
394
456
359
1372
599
148
883
503
111
792
34
402
299
927
613
123
1533
658
218
558
824
1012
881
895
493
1156
864
1219
1144
775
1253
1303
80
544
1166
628
466
42
524
477
1445
318
134
128
1267
164
655
266
135
1437
770
137
1441
1398
303
1505
1271
566
667
1378
313
260
480
630
810
415
468
557
307
