343
54
150
773
1293
1223
545
543
1219
485
247
537
1461
1262
1014
410
963
1133
1532
474
1228
861
137
215
1591
996
201
1117
528
907
228
1225
1417
73
702
399
497
687
51
1109
604
1168
1013
1406
199
194
1419
794
736
239
426
967
304
1383
1265
1220
902
336
876
171
1107
652
556
1127
1358
1350
1325
96
346
1252
883
1203
1551
614
1505
869
1308
402
105
1051
413
144
743
1469
593
449
388
637
1062
331
1015
225
838
80
203
1136
1229
994
458
1121
378
745
564
454
972
1492
251
1476
694
226
1124
881
265
161
1539
1521
1542
992
615
778
1423
1517
301
1177
602
674
747
1027
1379
116
942
629
529
1495
678
538
1504
1199
1399
1328
1280
931
1502
39
482
672
1114
514
1166
908
533
427
30
1470
1330
490
1215
510
126
1368
1178
1499
218
480
1102
1059
821
1459
1404
1311
651
727
1529
930
76
244
1164
688
603
1564
1523
1424
487
45
1064
202
1231
124
82
114
260
162
1488
205
952
1039
1429
1356
815
1560
1353
711
257
887
1110
451
1234
442
1326
1449
975
1533
1182
1518
1534
204
48
1548
1071
993
237
387
1393
1522
966
1361
1348
1143
400
1567
744
730
539
348
890
801
691
227
1190
312
210
748
646
1056
133
1097
511
1197
1123
906
720
1298
1115
683
1482
759
638
178
367
241
1407
656
735
636
189
814
179
1401
1145
1416
911
859
349
1434
498
27
104
665
1009
68
65
1425
231
1243
812
156
577
193
826
288
1103
753
127
594
446
7
484
397
562
565
1496
1544
1098
143
1018
1237
1321
800
1471
1034
1175
332
142
493
1408
281
705
867
211
315
31
842
453
20
173
1494
391
929
440
1120
660
617
668
300
1036
47
425
728
1511
765
983
1083
1493
1266
554
1184
590
261
1257
1448
1020
419
503
776
752
706
1581
1250
160
669
544
1414
23
568
355
488
1232
1349
357
115
549
401
1138
1212
655
525
403
369
1146
1430
935
128
551
78
946
1474
1300
1198
1155
1458
326
701
1042
99
324
429
1550
489
1201
621
567
12
1043
1318
1174
1332
200
790
1080
1132
207
1294
1584
1366
971
441
1241
10
885
625
135
1001
328
632
131
522
758
839
643
1519
768
1125
648
1024
587
334
219
1478
1067
344
1214
710
920
724
1509
1200
884
1576
1566
1501
787
557
857
1301
1570
496
1556
1324
1065
707
37
937
1403
294
1150
980
697
793
71
917
1546
379
866
1491
1180
805
1374
1239
806
834
868
24
515
695
90
734
1462
1415
1313
1054
381
134
443
1420
43
558
459
828
685
516
145
1290
492
548
686
927
981
130
865
871
444
112
1432
1118
1104
766
475
14
1211
245
893
596
305
44
1181
352
850
341
662
978
1038
919
230
985
1377
1238
147
337
448
1421
1245
457
60
1484
764
5
844
1006
1595
430
589
1288
600
491
436
117
1524
319
477
307
645
252
624
483
517
570
984
598
1314
640
1192
1463
574
1276
579
15
982
1413
158
818
1376
816
690
40
502
1561
185
3
1279
899
405
1558
2
9
950
772
1411
1112
364
88
954
167
810
123
855
723
1320
799
95
1396
721
146
473
546
918
1063
220
824
1346
1070
1572
1082
1431
1249
384
26
1380
414
109
1248
841
1204
450
1360
820
798
478
831
461
1268
175
1437
905
1475
962
1536
719
132
1173
1428
1139
1222
1473
1500
739
771
853
464
108
240
111
1158
1152
121
1195
1440
494
1240
389
100
926
284
84
1439
1057
1316
659
1588
1111
1541
1256
1005
152
268
609
700
129
1299
1310
1526
1087
1089
1287
914
206
74
750
138
1147
933
1344
1483
974
1503
1149
1260
877
329
361
973
1128
110
360
925
153
969
879
98
456
1016
889
939
560
269
102
273
703
1073
1594
249
675
289
1079
192
1068
1515
6
1583
1183
944
635
1530
756
518
434
471
995
306
1304
1210
1446
521
431
168
904
53
1389
1575
1277
1454
1498
415
650
1372
1044
1045
1046
986
588
628
275
46
835
795
569
923
416
526
997
1061
262
148
479
386
18
1040
229
118
280
999
445
285
777
1012
359
1516
1172
1549
1378
34
1388
738
1392
846
1480
964
613
283
1451
314
631
542
1543
176
634
500
1345
827
139
309
213
1019
316
373
987
1033
424
33
1244
1410
751
1371
4
644
1528
1535
224
1137
1163
712
689
531
264
520
519
671
120
1579
663
1323
197
722
1427
170
949
829
550
1391
151
407
1347
1218
420
149
1303
1035
1481
1365
673
1589
601
452
938
1002
1507
1092
1224
1274
87
1327
1022
667
1170
641
1271
94
235
677
157
342
848
411
375
296
1547
1582
979
1141
956
1221
1088
796
898
1108
1571
886
1592
704
679
272
1397
1337
808
395
945
1336
1193
968
69
682
611
1291
354
57
1278
910
50
1568
1075
1246
506
371
409
317
1207
385
432
1094
1196
553
1236
874
1597
951
512
1506
836
581
187
960
190
287
740
1078
547
585
1091
1156
781
1162
271
270
1261
1096
856
35
1090
188
1552
435
222
762
692
330
875
63
91
1466
1398
1213
807
320
323
626
1587
363
1259
822
555
486
552
1167
783
607
670
32
433
948
1334
837
59
327
481
467
1272
1441
136
246
1578
421
412
163
1508
368
422
501
1007
172
1270
141
936
1
1307
311
1418
757
1422
393
377
779
1254
295
1066
1186
258
726
863
1281
1382
293
1058
1297
813
282
1159
847
1305
991
534
19
1395
606
1069
698
1457
1047
221
42
290
990
13
1130
291
858
1275
953
873
439
64
36
75
1194
41
1367
209
250
1559
338
1049
1206
1187
586
770
1467
101
1390
462
1269
1369
622
811
155
571
680
1003
833
1135
1165
83
428
1263
785
763
1452
70
880
253
1472
1030
1202
1052
1510
333
1479
584
924
1359
1485
505
1205
894
233
709
1322
1436
339
1355
714
208
1008
509
595
1402
248
825
623
1157
392
164
1282
25
1286
1490
223
92
576
530
1340
541
66
1032
1354
81
1267
8
1292
376
174
1537
1433
1315
780
1031
1251
900
1341
591
989
72
508
630
119
754
28
1113
21
803
959
1338
901
1527
1106
1296
955
527
212
365
513
103
789
256
1486
408
1028
573
1188
940
38
1489
1438
1375
29
1185
605
358
1122
308
1456
1335
639
958
1394
832
620
183
708
232
1116
1227
196
1447
1191
788
1453
782
684
849
819
404
575
1514
1557
495
892
532
761
182
1443
661
718
1179
1563
909
769
1545
583
113
470
870
1242
86
1362
775
366
891
802
1373
791
823
580
1593
1233
49
322
277
619
1153
292
1151
1596
1450
1598
566
540
1023
438
1577
1021
1076
122
1329
1520
922
1555
1264
423
236
1319
1131
657
186
1037
1171
1312
259
406
1513
681
1273
437
267
693
845
1512
340
733
1400
1095
1017
1465
1105
1099
1363
383
374
85
666
1295
618
276
658
1553
1217
1525
961
699
1255
321
916
465
1041
463
1384
888
16
1230
370
58
89
1309
696
22
243
67
1284
1208
97
1444
715
1060
717
903
582
1140
350
1134
1010
943
1387
1385
934
792
843
1562
1126
362
957
214
1142
523
1569
1283
1209
599
499
169
274
1081
612
749
809
418
1573
1285
1101
1235
524
1119
1352
882
313
1189
1460
1004
266
1253
767
468
1161
1100
1085
1216
852
1386
854
396
755
746
1077
1342
216
895
1074
1000
198
941
472
356
0
154
1026
1148
1464
254
1590
303
279
977
17
1144
180
1409
460
535
1412
913
664
217
1093
