1408
365
826
187
968
1281
1336
857
272
319
1339
328
1505
1418
415
485
552
1518
1327
839
535
287
253
1074
1179
532
687
33
1254
118
1377
487
1272
268
1485
1345
1014
775
1235
469
1581
786
799
1011
779
1400
553
1324
516
1080
1139
412
737
803
699
1051
1143
1553
1266
691
790
1229
617
1219
1129
192
463
199
1519
1579
593
728
1516
1176
478
928
1134
655
320
186
1165
117
798
870
1480
1189
1427
945
608
1465
524
513
266
1550
1146
1511
610
766
477
363
1287
105
662
530
401
240
898
1008
191
462
1404
1218
670
862
1241
34
959
480
1132
1207
104
716
895
836
59
286
953
1029
606
466
1223
1198
419
1239
1296
1551
1157
933
1387
1566
1509
1416
1017
89
1109
1389
1590
1305
132
1360
1076
1027
1373
1249
367
1322
789
1190
416
1575
676
738
321
245
1470
602
821
981
810
1298
1248
750
115
9
1000
1120
1213
306
713
989
1084
1280
1385
1104
1329
229
1446
1512
1415
1517
538
1479
517
1199
298
193
584
946
692
344
1292
1215
1431
825
755
489
544
40
1464
393
860
1211
1420
528
878
1567
960
431
664
706
106
707
1005
135
820
95
843
1066
156
804
455
603
932
1
349
277
358
453
338
1260
1349
1284
1535
97
547
1277
121
1169
1597
607
261
791
67
1115
710
534
86
599
705
326
1564
1524
919
1425
696
852
56
1434
414
1054
902
967
598
546
1320
234
1583
1091
796
1411
302
388
1593
1317
1371
1105
1500
1035
903
983
890
209
882
275
1496
1405
979
682
41
1224
1584
508
1307
162
1396
1063
757
165
1398
594
550
189
974
1062
763
1365
548
331
982
1395
134
1484
185
279
1094
1161
230
310
571
827
880
256
715
1127
1376
818
1456
1026
1520
518
723
592
1576
1314
984
1269
708
62
1569
1490
1238
74
262
1557
746
873
103
1589
63
93
1548
624
1251
290
639
413
660
196
12
830
294
924
1257
1268
1040
577
1541
769
1075
377
1192
514
1185
1559
473
840
831
511
362
1358
1001
632
1473
379
782
730
988
483
531
100
1443
1343
987
650
653
28
540
1140
1046
1354
96
907
71
464
745
1261
1348
1533
3
833
82
793
440
941
1158
491
1445
260
381
295
752
158
881
1237
1521
1052
129
1256
618
1138
1291
587
743
304
90
776
482
921
626
83
970
48
744
509
997
633
43
481
1112
914
25
444
153
731
948
208
201
19
1466
1018
680
734
647
1438
1236
205
1488
1310
701
1290
909
151
122
704
22
183
1474
1258
130
573
1486
296
474
1312
334
679
332
198
1529
1048
694
887
366
68
1010
863
246
589
962
1064
1107
436
178
206
339
499
1523
237
1368
1311
668
1313
700
1197
486
369
600
426
325
438
754
76
695
52
576
47
957
1539
861
689
403
1356
1582
148
351
1047
368
1568
430
1522
1467
79
935
1351
1410
427
938
815
764
585
1119
1106
515
391
806
904
733
111
255
637
330
751
249
1432
317
50
605
717
762
1216
235
1459
1422
161
936
291
759
677
844
675
14
1304
739
1332
1135
107
657
1577
1175
375
1045
465
1103
729
459
1030
1124
1203
1043
1098
1245
1099
335
1495
29
772
1136
1227
216
1461
171
588
559
758
1078
1070
382
877
370
282
1152
1117
893
119
931
123
1414
631
449
461
1531
1283
340
1082
441
1057
1319
1477
476
329
1570
828
1527
905
800
1375
394
1204
284
837
1079
542
991
512
239
1164
1540
523
1159
32
973
39
753
1333
5
1142
1452
133
1151
814
15
1121
1397
841
1379
1514
267
616
1126
1149
1537
1463
493
510
251
17
943
1177
891
1196
1270
590
1004
167
405
969
1167
673
1413
475
1234
417
1037
35
424
457
1093
250
1144
44
1364
1032
24
297
54
900
127
212
1282
1173
1337
442
1558
1042
908
1359
1355
1163
102
854
889
1407
1191
1338
555
374
801
614
1321
819
872
1318
197
145
347
816
1050
640
273
964
409
1297
361
658
688
285
437
1451
999
1315
986
1101
271
669
1025
1331
1498
114
174
141
1067
522
533
263
181
1595
1053
867
698
1184
1580
164
563
1392
144
1205
1421
1501
292
1528
98
200
1573
99
911
269
51
385
917
868
951
55
1145
1357
243
61
761
10
1230
1081
1435
428
1419
545
471
703
859
1323
70
667
91
832
595
996
293
1264
254
1172
1271
783
1428
182
896
760
1538
1095
1065
719
1267
1077
942
864
220
1036
399
781
327
333
30
1174
1131
1483
787
785
1403
1083
1031
126
305
1525
108
813
154
722
795
871
65
336
1378
1200
1499
611
582
248
1240
654
337
1423
923
383
977
684
1073
75
1114
6
20
1123
288
223
139
998
850
1386
586
601
159
467
1210
1049
398
847
1469
378
1347
1384
1231
725
1253
1449
280
1279
376
147
222
217
1546
224
947
855
645
373
1390
1436
834
210
574
726
1565
1342
525
42
313
307
1041
309
1471
1554
1089
274
470
241
1195
621
1598
357
1186
448
236
1406
1352
452
1572
1544
741
380
1330
433
835
1137
16
389
238
1424
1344
1155
1273
940
311
1382
976
1122
1549
1228
408
1350
575
498
1016
494
397
188
985
110
649
300
918
38
1294
1532
1118
8
372
1113
910
641
418
656
1110
1055
203
1187
451
218
1170
665
845
925
1556
1214
1369
727
146
912
651
965
636
1259
69
1071
1476
202
812
1475
85
1430
875
422
971
1299
1286
1220
396
1059
927
77
929
1417
838
1478
88
672
1024
1255
1542
885
566
1493
978
926
278
625
774
495
227
773
956
846
1069
643
456
1275
1587
1194
1335
823
176
1263
1096
479
993
400
879
425
299
1009
526
45
1156
1087
341
160
1412
1061
13
1440
1154
1448
1309
1571
0
371
1508
849
1265
536
1504
1543
342
597
551
432
1457
638
1168
659
1503
1193
1182
345
348
1243
1125
1552
505
356
1530
792
615
252
966
31
21
353
1250
1171
1022
749
80
258
81
213
1372
1545
884
1023
1592
529
564
1242
1563
1246
1276
423
1274
1497
765
458
1489
1108
259
7
1058
323
1547
219
1353
1482
1383
778
57
1555
958
228
163
1380
194
1111
1262
226
652
1591
1462
1150
322
1491
609
1252
314
207
211
316
4
950
360
690
856
1534
628
1244
318
109
874
281
972
242
1409
944
1208
718
175
1183
1225
136
1222
264
922
990
736
308
1399
84
961
73
1325
445
829
527
521
1068
980
851
180
257
265
472
1585
1388
411
572
1402
920
18
1515
886
116
1006
1536
1574
817
520
179
1393
138
27
1460
1370
963
666
26
450
435
354
767
1374
1085
490
488
1180
1441
215
1038
1088
94
897
1363
460
681
503
168
642
952
934
390
579
1044
1301
1056
570
500
92
1034
1141
343
560
1166
686
541
994
1578
172
629
1492
1453
429
742
1472
1367
1147
324
244
1562
1328
824
195
507
1340
355
1060
36
1326
808
915
177
613
562
770
315
303
1188
101
1003
711
992
596
549
930
232
995
1020
1502
23
937
1594
899
771
1013
87
37
1178
939
1507
580
1510
1033
1346
1130
1247
454
1334
740
913
58
496
714
184
622
809
724
747
1361
865
1561
797
1454
420
1128
225
975
558
702
406
1002
784
1160
120
683
1487
1201
901
504
1468
407
807
565
173
591
204
853
842
663
554
556
756
805
1362
170
270
581
1381
1209
635
1447
1596
1302
392
346
384
150
1285
1202
1116
578
46
289
1303
11
1133
501
627
697
623
1481
1278
447
386
1433
410
276
