1205
1461
945
1004
381
1416
1268
633
1431
550
1223
227
522
865
1498
1263
508
1063
257
89
1485
1583
1512
603
933
555
360
772
77
891
749
1362
767
1536
1102
259
1443
991
466
1390
980
1570
379
688
1225
788
730
290
1156
599
5
1368
1540
973
193
37
1286
493
252
280
483
488
1477
620
1229
592
1077
1276
79
1295
11
1226
1171
1507
1088
1569
590
209
1083
593
31
1393
1404
1096
283
897
1396
887
954
49
1439
43
885
531
1010
675
311
1201
534
828
993
1034
904
1159
398
1118
1320
4
1091
401
1289
263
500
123
858
321
126
3
1082
383
410
10
912
1048
956
1248
232
1231
372
124
251
240
1525
195
486
1553
618
239
908
931
829
253
1217
1580
306
971
1127
1366
819
385
1508
715
1524
1481
1378
1152
235
56
1565
762
191
277
1261
659
835
118
1527
66
370
1518
638
1544
1316
284
1511
1221
224
1128
138
918
799
1081
741
1037
676
187
663
274
22
374
1138
485
1210
1252
1267
1499
1144
812
389
937
1415
804
347
642
203
1249
602
1278
1146
378
1419
1244
1162
1505
1381
1292
1494
234
1012
337
641
999
1596
392
1154
528
1591
763
1017
149
1577
1484
159
768
934
660
1394
523
901
1435
616
8
570
1145
363
266
1136
287
134
740
1031
315
542
108
677
427
63
689
975
100
1455
1385
1284
1319
1192
301
1533
909
670
130
1124
568
361
998
388
867
1247
565
957
377
1354
145
1452
462
716
821
1080
1020
375
652
144
1161
986
1424
1240
1384
1300
1193
503
827
90
852
1094
990
71
1239
988
654
21
94
1383
519
787
442
1069
475
516
781
553
332
625
1030
1545
597
1085
771
760
704
105
189
547
1062
294
1189
961
200
1343
655
1257
1024
1510
201
1269
1047
1464
215
626
451
223
1243
666
578
668
540
759
1015
403
265
1182
217
1474
1356
839
276
1049
97
717
184
213
1228
863
160
1277
133
962
847
868
136
697
330
73
1358
300
707
1469
470
559
1340
776
344
1497
1426
326
1122
1022
1367
1149
1019
783
551
605
303
700
188
600
1274
667
432
428
1318
414
69
1450
647
862
1377
632
963
1581
624
608
814
880
51
872
1402
878
1473
850
457
808
1373
1571
430
436
1035
938
1542
1258
744
1479
448
615
1345
357
1160
953
1329
244
15
158
1123
609
869
254
1163
1422
1351
661
1176
1321
853
175
529
2
992
1460
198
1005
1055
701
438
505
1282
752
1447
472
1348
74
499
820
795
1312
480
1302
780
54
1130
720
99
364
329
1097
481
314
190
1523
202
264
942
443
305
648
122
1075
1095
496
1197
824
748
1441
440
456
1079
260
958
1352
549
686
739
798
802
1259
558
1423
478
1250
1164
512
1211
309
703
91
943
453
967
1338
718
1372
320
33
1528
532
539
1323
545
365
678
115
1349
1046
461
903
310
1411
147
671
1073
1519
334
1322
1044
1279
860
1058
317
1514
1061
86
76
256
1245
285
199
1203
67
574
936
1336
561
899
583
1576
765
506
1121
1052
635
562
1462
128
176
737
1186
1588
1562
1515
131
1391
7
270
584
1434
141
571
1219
533
245
1339
530
434
419
913
1467
557
790
1486
425
1213
1183
1555
415
964
815
346
843
1173
941
1332
1530
212
1218
1470
1253
1115
613
1516
1098
1233
1181
809
1303
1242
849
1018
1399
281
679
222
706
373
895
1567
431
1275
806
18
778
72
447
929
1360
354
693
1317
810
1027
273
1184
1417
1535
46
504
1457
789
1023
406
696
42
1174
143
965
101
1290
1449
1185
454
1220
873
369
552
194
509
408
423
250
1105
1559
110
617
573
261
407
1341
1291
1132
1410
1315
1465
1264
1430
1140
1489
238
114
997
544
683
92
1013
709
792
391
893
1215
413
1134
1496
1028
527
243
154
208
416
1281
386
746
1066
979
611
405
1333
1429
107
1025
1324
36
161
156
172
1059
1202
1327
554
1273
1433
1006
695
402
1597
150
994
598
1398
585
888
479
1255
1099
1414
859
1298
705
984
192
1092
45
255
586
1501
1397
1104
535
1335
851
297
1521
495
352
1070
88
380
1418
460
1561
1207
1532
896
153
40
823
710
614
758
520
837
567
841
575
832
742
877
1556
1090
1370
1582
476
353
711
751
995
258
1509
1310
1539
1196
1454
1311
803
322
1517
1401
924
343
854
308
1442
1440
102
1238
418
382
275
830
1490
916
1369
1364
1260
1529
773
484
183
507
221
658
1458
623
653
1057
871
682
494
181
439
797
733
207
174
672
1502
664
1021
1110
1590
196
1500
548
811
1487
874
1204
517
1148
12
262
1585
165
30
1041
870
1072
1074
1288
29
930
855
1106
779
1425
525
328
1325
1304
342
437
919
838
376
713
1103
313
441
556
1142
882
1180
928
231
1141
1504
1188
1589
362
777
662
170
299
24
1357
1522
649
84
341
220
246
685
397
687
1212
970
1382
286
64
28
1139
293
974
75
1198
948
17
690
1301
393
514
349
1346
1309
1270
1053
400
589
463
684
1598
1476
47
1111
111
691
452
268
197
55
296
1334
151
1503
168
1308
1578
883
1297
225
348
629
915
464
846
1482
510
754
606
350
976
1262
1558
907
774
1549
491
121
82
1112
745
1050
331
179
1143
426
135
85
644
1451
228
521
420
52
1491
728
1214
645
1
673
580
610
755
489
725
1003
864
482
27
591
1107
621
698
582
834
1546
1170
25
786
1313
1566
468
1587
1456
1420
1493
1119
396
106
497
1395
1531
1564
1064
70
1550
269
560
1432
1361
204
1067
180
1347
1579
836
178
657
19
1026
1534
750
1038
1227
579
1200
20
719
129
818
459
1266
905
26
1342
699
1158
1208
1126
62
856
612
669
1586
50
1179
230
1594
840
955
1296
327
394
169
793
211
892
247
324
996
218
1169
1438
1254
1209
650
119
927
404
1280
1459
766
694
939
1076
1051
1405
1436
1125
137
1547
588
6
726
295
1488
1191
1272
972
39
1016
219
1472
371
1471
875
242
1552
288
395
1305
576
1039
490
546
59
950
947
233
1137
467
291
127
1133
98
325
831
692
622
1595
96
210
587
1480
805
577
634
1538
822
627
665
515
1389
1506
455
1287
384
886
784
1554
339
501
1386
770
1285
1101
825
640
1365
1199
981
340
1087
1463
1374
41
604
1014
1113
906
1011
146
1520
471
1120
58
935
940
411
1056
1548
93
469
1117
639
861
727
1584
1592
1002
1563
769
34
1237
619
1468
1168
103
747
1167
435
318
267
1495
646
1380
1526
356
1166
845
884
444
1236
323
487
889
387
1131
960
566
630
1043
949
445
1363
631
959
1235
1492
1165
794
302
333
572
978
237
1060
359
32
216
543
1408
968
735
1306
1100
132
0
205
782
1135
229
1453
1151
1187
1407
1355
298
1513
977
569
312
1155
1437
511
881
513
1392
139
78
68
155
724
307
1427
681
785
563
969
732
502
206
112
409
1593
729
53
355
1307
1194
985
1294
117
796
920
1403
433
833
272
163
1376
241
753
177
9
1413
1387
498
628
1150
911
1157
1568
164
465
817
656
1314
1222
1114
518
926
1071
1089
1029
1375
1575
446
932
1084
1172
279
1444
1190
866
345
983
1445
708
173
282
1251
1177
1551
148
1108
1000
1350
474
538
764
1230
1331
982
1153
1573
248
120
1353
1033
1032
1330
922
338
421
946
637
1283
816
449
61
636
651
721
166
1379
1400
367
351
125
109
921
848
1109
60
723
951
1224
167
1466
1206
902
399
1328
