1219
911
1432
364
1473
436
1413
237
1376
6
1378
202
1211
1162
1057
794
1103
1539
692
330
493
1367
1013
38
1243
31
876
468
819
1181
1320
1175
854
173
13
515
1453
905
1348
662
972
1033
759
1184
1109
1242
938
136
1385
1270
422
887
1156
1350
1323
850
1045
702
74
657
957
1394
161
974
1067
1408
1469
1064
619
506
1088
527
224
1129
961
1581
70
432
408
1037
1142
333
444
1502
720
726
1055
1128
1119
1514
696
1476
1024
20
424
716
690
387
366
1097
384
1224
1525
1595
1386
667
98
659
732
255
1249
96
896
300
75
1576
264
1451
251
52
804
504
771
605
1070
1460
994
750
1338
773
1526
1116
1221
236
827
1171
695
121
204
339
245
1328
616
1268
1246
1300
580
1199
647
118
309
730
685
878
880
406
766
302
358
513
462
568
374
276
172
337
1089
189
817
1416
1252
958
15
1355
94
470
226
1431
835
141
1353
1329
920
1522
997
1185
249
829
1084
1306
1187
503
813
1370
627
1165
886
687
1597
1491
1474
490
365
868
106
1076
219
433
1166
194
888
1278
508
1216
195
1115
1534
721
286
200
334
780
1227
890
1247
64
754
1374
111
873
762
811
421
386
478
223
1383
1481
256
1132
495
1506
1121
725
563
17
1521
964
1087
483
734
824
570
663
514
1202
129
1387
1215
943
931
1470
394
988
777
640
965
1002
1575
549
1532
995
1332
1437
1029
316
196
718
352
1356
1018
1436
877
287
713
1284
92
496
336
581
1450
243
809
639
416
1485
82
1494
400
1326
537
895
1312
1086
922
1461
1564
329
969
675
1073
1554
1463
486
1137
989
999
927
390
955
778
941
1146
299
674
193
1077
310
548
848
1524
475
124
1102
638
303
1229
53
381
535
1000
617
636
186
1528
33
1598
398
1083
63
1108
765
884
209
940
572
140
185
304
453
982
1169
240
719
1443
261
1053
1382
1158
913
7
383
1405
737
688
455
1114
1124
229
16
1106
1352
439
239
385
1445
1314
1362
127
591
1047
875
1434
733
1154
1126
1039
1479
802
1192
635
699
275
1030
1098
1334
1439
283
376
596
57
1490
269
1540
1167
66
443
1403
492
1322
949
715
181
863
1040
1339
593
872
1147
697
587
1288
83
156
1017
1008
399
833
569
1567
1406
266
1483
175
1307
69
747
482
618
1551
1172
1015
1513
959
1422
1255
198
505
1515
1520
542
915
460
1499
731
295
1204
1130
893
1365
1454
427
600
1418
1501
1500
241
401
516
901
85
590
1390
1005
673
139
1056
217
1027
1447
629
900
769
254
1415
290
1380
984
822
281
428
429
646
843
404
1512
691
162
1032
1570
359
360
574
272
610
1100
153
519
538
449
1519
317
152
722
160
912
277
826
551
729
767
947
1160
484
1305
1455
981
231
343
397
199
820
29
510
996
808
844
395
956
625
214
268
332
1593
689
120
1580
796
973
203
301
1498
326
100
56
864
902
745
188
856
1401
1259
793
566
951
348
488
37
1585
1006
192
541
534
32
993
234
169
1428
458
10
606
1290
72
1363
1366
258
1163
426
661
1050
112
818
1430
362
990
1537
1477
816
126
1318
341
1200
164
1101
1134
142
810
1186
1342
1232
415
1591
491
1421
622
207
1272
671
1179
167
1225
1291
641
528
589
158
253
351
1251
244
908
1256
924
59
903
430
1375
411
211
899
174
1194
1510
50
1542
823
81
1081
1161
1359
1582
368
1148
102
1245
1043
1060
978
1562
1153
1577
1254
489
975
894
948
1302
645
1349
1113
138
1574
105
280
556
1136
388
1340
1267
1222
781
866
742
575
187
1410
1144
1560
845
608
1480
87
1527
228
681
409
1212
976
273
788
1261
1538
749
783
19
1173
473
1016
772
717
1589
1594
46
1557
1478
655
271
531
116
1028
1236
1226
91
215
3
213
361
861
291
479
1220
40
1484
723
756
248
1482
201
467
1111
709
653
607
133
1487
954
1080
49
1020
1553
849
960
1449
1196
101
842
712
437
410
879
451
970
257
30
1019
297
125
828
151
1420
1218
434
694
1082
1180
665
1313
761
1586
680
1475
1407
791
1201
1054
477
1120
485
1327
533
1299
859
233
344
1183
741
114
1238
1308
26
714
1145
686
1021
225
396
586
1311
1206
43
238
285
137
921
469
134
452
1331
176
1541
652
968
481
18
380
148
1508
529
839
499
633
1170
84
284
632
371
937
1058
212
1075
289
933
1379
540
1547
222
311
1065
654
128
1588
558
1234
1496
862
768
1189
583
1345
1025
648
448
1373
1188
1241
90
293
1457
1411
104
708
454
547
123
1257
14
1458
1543
1309
1368
157
68
1446
322
612
525
904
628
1549
465
117
1217
314
122
370
946
1042
1546
751
1545
1441
1105
1529
1260
347
1127
757
419
930
962
354
604
784
1231
727
12
918
1250
634
1393
230
724
1141
670
775
562
815
1248
621
1503
1563
615
1354
1263
1139
109
1151
524
830
1468
752
1258
1286
925
282
149
1558
1038
865
1392
1138
1548
108
919
67
1438
1427
305
93
298
403
1026
206
1381
1295
471
971
991
1099
860
210
1569
637
150
532
353
1279
728
480
1452
412
1207
350
78
755
588
103
441
1122
1425
1464
1505
1063
119
1371
520
1052
776
1372
1572
567
660
963
644
80
1118
561
1034
631
867
643
391
1240
705
1417
372
932
950
1205
774
1357
472
227
262
2
748
28
578
518
1335
294
1276
1409
86
405
143
414
564
216
180
986
267
39
1049
1462
338
178
623
1324
603
146
356
526
1223
1544
738
1133
678
557
998
35
1228
1125
1062
1336
923
461
197
1281
1486
113
1531
61
707
898
168
736
967
9
1550
232
1397
789
1092
1440
1244
54
1214
1012
1360
1587
874
1583
666
107
500
512
571
1429
735
882
1459
466
1358
1292
1150
36
1341
980
1559
208
363
47
679
836
521
740
1046
743
1164
703
502
626
147
320
163
319
73
907
1492
1014
1319
5
1112
1195
65
357
883
1095
594
1035
99
1159
987
220
131
331
1566
369
446
787
592
307
786
917
459
945
801
324
797
1444
0
1384
442
45
1398
944
953
498
620
97
1579
1264
252
345
1208
1135
349
1592
906
1178
1337
373
1442
1565
770
1269
1048
871
27
1152
1419
825
552
377
664
88
1303
487
792
1388
599
166
1285
536
614
11
565
1315
763
313
1069
858
1262
1239
242
420
1402
602
1155
598
1131
550
1504
1325
1094
744
1467
942
597
1536
1578
1343
1497
494
1333
308
851
847
668
1010
438
1168
435
464
1091
1412
382
450
474
41
501
1535
315
507
1310
1399
190
346
1511
582
1123
476
1466
1253
447
1197
71
1001
1301
1435
1022
807
1004
62
651
658
177
595
1068
24
642
577
914
1273
711
1023
698
779
546
1523
42
250
746
1031
1237
1552
1191
840
1389
554
584
34
1059
170
182
55
1104
259
1590
407
889
115
1174
1347
909
1107
1361
1404
870
389
425
881
559
814
288
77
1414
1465
1294
1293
179
296
4
852
95
165
910
806
585
1287
130
704
1085
312
1400
1149
79
1157
144
885
1509
1274
1304
1041
928
1516
798
799
1051
706
132
897
1233
764
650
8
985
191
1493
1275
560
379
497
246
1369
1011
22
684
1277
1495
171
609
760
1283
321
553
417
1176
700
837
805
855
1377
1517
683
979
522
418
682
1561
393
821
306
1044
1072
51
1584
693
523
1078
1289
76
1
1316
916
573
323
445
846
1182
803
1003
154
934
1282
795
1074
1298
