372
1562
812
959
248
887
52
960
1401
515
500
123
651
512
155
147
886
1187
136
1447
341
766
1157
320
705
990
1298
841
243
741
1210
1255
1238
633
1030
1218
1079
73
1423
260
473
1247
177
455
1181
870
1488
823
153
972
675
1093
1459
817
2
288
137
783
128
593
354
325
744
858
1195
303
561
950
1268
951
3
1220
814
710
861
1002
614
637
1461
395
704
1120
849
1597
1213
371
828
158
657
164
1256
791
1118
1235
1421
94
524
1288
1053
293
488
998
542
401
1179
396
671
304
1304
584
661
68
665
847
728
1295
160
1290
269
1009
1010
460
1541
1522
1099
577
285
1416
1209
603
1598
1355
554
493
492
1504
623
1048
947
1493
967
15
240
924
506
731
1487
90
279
1163
1372
627
1171
1251
556
727
366
1322
61
1556
1059
643
39
1061
163
474
792
1004
976
1475
1128
453
13
795
1243
694
638
231
889
114
558
1312
1531
761
1466
480
1229
928
1287
146
875
1108
246
80
1095
1056
1280
597
1403
1140
917
484
1106
1033
82
884
715
949
1587
1275
1283
30
379
1357
1570
1340
340
930
429
914
359
426
919
1073
1070
757
7
754
1565
555
469
1534
1227
1559
1012
1122
892
811
1384
1038
308
566
908
1063
562
803
1406
1274
1368
1219
32
749
659
56
628
1393
1159
931
1126
934
543
1105
630
550
1160
1511
765
1506
852
1236
674
180
419
1112
1574
410
685
707
1469
178
865
528
804
1315
1228
407
59
1107
690
257
355
388
748
1237
1342
850
253
1558
1211
1273
1254
9
1467
1001
518
1578
79
318
991
1065
1027
1246
70
353
1438
1064
696
67
742
1420
701
1016
297
900
1553
806
644
1305
1415
1250
316
1052
569
904
144
1162
1101
906
298
1516
735
430
836
108
610
383
853
758
85
734
314
1178
601
159
1077
116
336
416
1577
350
1492
277
196
736
1400
1596
851
618
255
462
871
604
799
807
1540
122
329
719
552
1388
784
1552
204
194
1110
391
1207
876
281
230
268
699
825
89
582
916
895
191
46
948
1366
101
283
662
563
1586
1000
737
1230
1316
361
276
961
133
752
1440
18
113
99
381
1019
1389
412
420
1434
874
970
1397
1212
885
282
568
560
8
677
362
141
1174
1138
634
1402
322
770
102
1319
837
125
1249
352
1546
195
567
557
1158
1529
1117
21
1519
182
415
482
382
760
1378
324
186
786
1266
433
172
1201
689
667
461
655
653
51
1576
319
937
483
176
502
968
599
485
854
1436
1382
405
107
1115
431
743
880
645
0
1399
103
1592
19
1013
307
1043
1259
993
1143
1113
259
105
22
237
345
1548
454
1221
332
1450
93
400
1337
1424
832
25
537
1539
263
547
975
425
190
490
1550
443
1455
691
1473
225
586
261
617
335
965
1040
1326
471
1233
774
214
1456
120
801
188
1480
650
726
181
1049
377
1087
654
952
447
833
496
622
142
1310
389
149
1502
1285
491
43
943
1385
450
262
245
175
1284
1425
1396
347
27
250
384
953
762
738
1510
1114
1301
956
966
879
553
840
208
1408
1518
1224
790
75
1591
1017
69
44
581
235
218
1165
1154
1515
54
1085
616
1495
129
1449
882
1445
955
344
1257
541
217
1206
479
979
1156
349
421
793
1081
6
1513
1327
1289
233
971
864
1507
753
1419
351
942
1144
829
305
1166
42
280
310
1172
1386
1074
468
901
1307
1443
1200
1496
106
1351
1491
154
724
1433
423
207
684
301
1068
97
1566
989
91
809
687
933
1303
300
96
897
1391
739
1132
1037
508
1414
585
779
1124
1066
1476
680
495
535
1051
756
1498
575
1208
211
287
156
985
621
1020
299
1555
872
1568
712
1543
740
1428
778
1564
1119
835
932
1098
1130
922
1123
977
936
649
544
227
215
1474
5
611
1045
459
140
4
732
201
1127
1072
1584
121
1184
682
428
1360
312
838
1407
36
1477
821
1149
1234
1032
596
834
1104
1084
1571
1390
1302
1189
1088
938
974
38
394
23
1161
239
996
1265
899
831
863
393
41
923
963
1320
636
1111
926
1350
150
138
1549
920
1464
330
1336
1136
1026
411
254
1395
1413
457
1067
197
475
200
1261
402
1509
1137
546
1501
229
772
642
605
1595
1222
648
598
531
591
1311
583
1078
1121
1039
839
999
222
1152
380
74
1567
1139
385
516
1404
980
750
1560
647
414
1148
1380
606
31
902
1499
78
1270
1453
987
1005
10
981
1231
1335
213
1589
639
781
1387
509
247
1514
1023
219
26
403
1324
1448
339
846
771
1185
1083
1525
65
1526
1412
1080
881
1194
264
540
913
946
777
921
157
635
1202
600
1245
1286
360
64
139
878
193
1398
517
456
663
418
286
608
1345
1429
1091
1544
1015
1276
83
1153
134
1199
1036
1362
676
57
962
984
1267
295
88
1025
124
1361
1308
1346
1338
1383
580
729
58
1054
12
1432
1364
174
592
523
48
148
290
718
284
992
1481
432
1241
184
256
1471
422
95
1022
520
855
1271
767
398
228
1478
1082
1437
607
1354
1497
209
700
463
1489
326
1363
1588
1188
170
615
55
169
526
173
1203
1554
800
1563
941
1594
626
1173
868
1232
47
578
1252
1071
1258
927
390
1182
958
35
797
118
1035
1103
973
1094
1441
755
1318
1593
888
658
81
1484
220
1282
258
439
309
273
1422
1490
1411
317
1533
66
1442
1216
409
802
296
788
1344
452
519
798
513
631
62
1486
1262
1041
818
785
565
1379
1225
1135
720
1272
489
1375
1046
589
505
548
1031
1226
205
1029
845
912
486
34
1176
334
877
1058
323
609
1409
522
929
1538
891
131
1269
1325
1332
1334
1358
1524
1183
935
1457
1582
776
1465
37
883
768
1309
722
842
1047
782
954
221
49
805
466
1109
135
1204
683
87
111
905
1482
1198
625
143
1242
827
33
706
179
387
1151
570
444
224
693
100
348
472
20
1508
126
530
1292
1170
189
481
356
708
343
1381
60
1278
1006
813
1505
848
1131
1003
1535
1341
533
1561
595
109
1024
1008
1439
1392
501
1129
678
1451
862
697
503
1454
315
494
1096
539
532
964
272
342
1060
907
1581
449
14
571
226
270
1572
1321
1503
417
893
1353
1146
1369
1530
1367
1460
510
780
28
1557
1547
333
203
1512
365
1569
1394
769
1479
1590
440
470
1018
820
730
1134
1217
1377
1197
1333
130
1356
478
1145
1089
810
695
773
1294
289
1331
1186
579
367
536
997
775
1427
538
1371
632
198
1100
145
311
1014
1260
843
787
1494
1011
132
702
507
819
824
274
1348
1430
869
1192
652
16
53
71
278
794
117
1097
373
688
1317
266
1329
1057
745
1277
527
487
1532
660
1044
1150
202
167
866
404
375
424
451
29
830
670
392
717
1349
1306
115
982
995
499
903
104
397
911
1468
545
498
723
751
551
1463
63
666
867
1352
713
1142
1579
374
759
50
918
238
796
910
1092
442
789
549
808
594
898
291
698
1585
673
338
747
1458
692
40
1102
1239
681
464
1462
363
234
534
1314
370
1523
497
171
1410
437
1296
1373
364
1293
210
92
1168
1435
1483
152
1297
413
187
1
448
939
1164
165
721
746
292
242
1300
1279
1347
1248
844
1528
119
358
84
764
265
408
476
1330
1055
1215
212
896
275
525
306
127
302
1193
894
915
1190
1191
112
427
664
236
504
612
815
17
1359
564
826
458
1034
166
376
1365
1175
588
86
369
925
613
467
711
994
1169
940
529
249
1263
957
