1452
468
431
335
517
1500
246
1272
82
79
1309
673
1307
1095
1097
1036
1228
1119
1161
329
88
429
59
730
543
5
1153
758
408
1576
91
446
315
1022
1191
454
724
165
822
750
83
1564
958
583
761
738
1415
29
1535
1354
1503
127
443
1195
1522
1316
399
647
1273
1343
1427
1120
1595
230
651
1294
765
1395
190
311
234
85
1258
215
153
1296
802
73
969
1443
1433
812
262
1038
1467
52
360
1074
161
1469
189
221
89
3
1338
956
950
457
1260
799
828
1546
878
1194
1496
1413
711
759
398
1123
333
500
1458
1388
561
423
236
361
816
743
294
809
392
999
1143
585
1249
768
1127
263
604
1559
1165
180
148
794
110
217
269
451
1162
873
1040
910
95
384
1002
1334
142
882
1396
675
781
1130
737
1543
38
884
1368
1446
672
1501
476
21
1106
710
1114
1229
813
296
1325
17
702
639
920
467
267
605
1370
871
736
96
1035
545
1547
1566
1046
742
72
300
1312
913
883
1007
1386
344
1155
1054
343
404
139
959
645
233
945
1241
225
857
1117
1300
1144
290
830
1376
1324
204
339
904
1274
1237
115
1196
864
671
663
275
838
556
319
680
968
1070
1375
1250
171
815
26
978
929
368
960
542
1365
307
1110
477
588
322
1222
1096
478
990
367
1523
100
1573
1303
258
600
1086
636
1532
195
745
763
1455
858
987
1529
762
291
669
436
279
1463
1459
513
342
214
906
479
591
1152
562
20
712
861
414
638
511
1305
1331
860
522
1531
437
1578
538
1465
713
1059
10
770
922
1409
76
1080
119
71
1440
69
475
1220
893
259
1447
520
924
219
1244
855
250
1495
1537
1472
287
213
1520
289
1369
1298
1135
248
1464
530
940
1261
772
728
346
1212
1438
1206
935
143
808
1276
998
93
1306
1066
1460
1320
410
1201
1269
1146
631
1379
452
881
1299
612
1211
652
1574
1570
152
198
954
106
1248
1283
1441
1275
1525
677
1597
594
573
1045
1419
896
35
1068
434
629
966
447
1572
912
1293
1308
620
433
621
633
1133
866
394
1150
1439
845
577
1067
220
798
409
957
1478
1107
317
926
87
678
132
1235
23
254
719
1015
1281
84
78
318
981
253
1175
648
753
382
1444
328
942
1238
635
570
105
1468
729
622
706
1322
616
766
461
1098
1024
790
681
679
943
1586
1492
1138
805
1147
1513
326
108
211
455
627
667
338
1342
1560
94
155
512
231
201
1592
1552
1001
1092
553
634
293
715
1430
1423
529
1585
1210
739
1488
848
9
97
1556
32
892
373
378
894
1145
1020
1453
1301
242
1302
834
145
98
734
1516
993
1391
357
1151
175
1060
1200
1116
27
459
1575
1515
1297
281
1282
1277
1170
1483
406
131
685
1498
548
308
350
363
430
449
1042
117
1596
45
1398
488
440
1385
1475
874
1202
81
1555
992
554
615
36
825
504
188
1490
1507
365
1157
1392
590
1353
416
1318
1292
1041
1321
774
422
4
997
493
773
628
565
1174
396
507
1541
1521
276
172
690
961
312
1583
1033
970
1177
1367
249
1426
1134
546
492
292
1243
438
1481
462
1184
1364
687
1373
1065
387
1262
1393
1039
1485
1381
1561
705
597
103
1295
806
270
514
665
1410
1048
1509
1214
1
984
988
1044
749
801
1023
525
1003
851
983
383
903
700
1118
501
852
109
353
664
125
917
415
826
1103
1061
301
1167
1227
587
321
1558
389
643
831
518
886
595
1219
1189
232
1332
755
1063
417
1548
1112
775
349
941
899
63
1489
1358
1064
134
1253
283
340
823
1491
833
1047
1240
191
1360
1429
1550
905
701
1164
789
524
995
1124
1526
804
224
273
731
13
432
1494
784
229
1053
325
1037
223
444
962
1205
907
586
1424
49
419
757
197
526
1204
1569
1081
521
582
1232
303
1171
877
771
1236
996
797
137
578
1225
1226
372
909
212
1487
113
854
1223
260
754
603
181
424
581
44
1457
1076
124
821
1510
819
722
869
1420
704
356
403
560
314
154
1540
173
1247
274
393
1357
558
536
908
1428
179
228
375
623
1242
786
116
261
1172
726
1012
951
1008
1598
1542
1536
1480
1366
915
1011
370
1448
1567
1339
1589
931
1186
814
1327
135
982
58
268
369
309
965
1579
1071
1403
901
34
691
698
111
33
1400
55
911
376
980
1285
1032
178
841
707
939
1267
239
1319
575
870
240
1414
1486
183
107
1407
1246
1530
169
1310
723
683
779
994
660
1378
8
128
1213
99
1568
626
1104
843
1435
176
1122
331
1084
1263
313
1126
43
1183
1479
1314
272
552
1538
847
550
1079
1108
102
1234
938
1355
1000
800
1551
584
251
1330
933
427
862
222
15
499
358
140
77
1539
1394
320
66
469
974
708
1476
898
1077
859
355
485
1016
979
388
972
703
1091
785
1224
298
1017
1078
567
741
1384
776
1125
1271
1437
192
1341
1397
717
284
207
973
327
1256
364
70
494
40
887
1034
1137
769
112
1328
1178
630
1056
464
495
649
662
593
193
166
568
324
295
617
1377
1197
405
527
1121
1073
202
1482
718
528
1590
216
463
1128
1190
875
1557
1461
936
1217
879
288
949
1584
1031
12
496
735
934
519
1099
121
11
245
481
1142
888
835
354
689
210
985
559
1291
445
1264
199
1383
947
1265
502
1069
151
1169
418
1449
1450
1025
41
31
1451
971
953
7
1527
986
891
1363
661
280
200
503
487
420
306
976
74
842
863
498
1313
30
1230
646
1390
1088
497
359
699
523
919
725
68
421
174
1085
946
114
1456
792
684
1100
334
1347
682
472
534
676
637
1425
1129
1344
184
872
1090
506
1336
964
1416
1514
458
57
746
1101
1317
138
557
1093
1565
297
390
900
1454
1351
237
149
914
351
1315
299
1018
1259
955
1329
613
668
157
391
92
1075
341
1349
1580
1362
453
1052
777
839
381
1154
53
674
836
535
1013
1571
555
991
508
1109
732
1028
767
608
1266
694
1287
130
460
243
402
1504
1497
657
619
264
721
1374
235
1340
1057
203
1268
150
840
442
1043
18
880
1252
182
1166
1594
1352
1345
1009
1180
658
1193
170
2
177
1270
1182
1434
1255
1493
1502
1188
1474
1280
397
218
1361
937
787
337
1159
1337
1431
1185
656
569
227
65
144
1051
1257
1014
846
47
156
1545
24
101
407
252
1288
1050
853
796
146
1411
1505
923
1436
540
563
827
602
1055
401
348
208
1173
164
86
1544
241
918
889
533
654
598
1026
1304
50
304
782
1346
425
64
1089
1442
271
1176
963
1181
62
921
1160
1418
856
1466
655
257
515
1506
1251
849
75
484
601
1348
653
1518
642
1136
780
697
1382
592
471
255
160
1083
126
1311
136
1517
226
716
1284
876
596
347
932
448
572
1141
509
441
760
1582
1445
486
1359
611
756
374
618
118
1581
1356
286
90
426
371
28
531
1207
975
1062
1049
352
692
482
465
1533
829
952
803
1588
395
532
1554
727
247
650
278
1030
1562
332
1508
544
1549
46
1534
817
1499
1029
474
614
580
868
748
516
1278
740
928
466
22
688
1333
824
1158
783
576
51
162
1208
1350
539
1245
977
1404
1335
1019
589
1072
323
379
640
439
1198
56
0
345
537
930
380
1519
6
1113
483
54
709
1477
1132
196
1372
129
386
1082
194
209
25
67
158
256
1286
609
625
944
411
1111
310
1221
695
1587
752
1471
1402
1289
606
1422
837
551
238
366
948
1010
48
1380
916
104
1399
1179
844
865
1187
450
