669
1259
834
1387
804
1560
1236
1184
921
910
1226
157
912
841
377
1057
753
787
1277
2
981
599
962
948
1396
1124
998
1454
1328
983
1506
68
708
655
437
1370
1397
1147
419
53
1315
1324
1119
1541
750
914
475
30
1337
326
696
1572
602
1212
1445
1187
444
1548
1152
293
1373
621
1585
738
1419
851
439
529
725
120
1227
1511
402
855
472
1257
1525
332
1163
184
1089
226
118
440
1179
1421
438
486
1593
27
739
800
898
1416
350
1139
1336
904
592
1409
1219
238
67
469
554
564
1083
214
127
1297
876
135
294
1391
528
757
870
431
769
337
1555
1554
1253
1559
1267
1475
1452
33
1140
737
504
1321
1486
1201
1123
383
1292
234
933
187
285
859
39
247
759
645
533
8
85
994
756
868
858
94
14
1017
661
335
636
1247
1218
651
137
1109
941
1158
1271
6
519
884
123
1208
25
694
593
1183
1154
847
908
373
782
641
605
594
1037
1274
415
399
749
198
942
126
693
731
1264
574
1008
1074
1561
79
1472
334
507
863
843
18
370
544
101
1542
1398
310
892
269
1091
736
355
318
920
563
345
883
1352
566
104
649
711
315
819
601
5
973
1570
1168
558
346
642
1043
375
950
169
1375
460
626
793
1249
632
336
1099
719
1046
435
1101
1345
677
741
1364
1268
1383
129
55
441
163
77
1194
360
227
353
1222
1031
1483
562
1326
662
1161
368
935
887
692
523
844
1535
902
236
615
1287
394
1301
1001
770
1348
1488
891
734
309
1365
390
821
408
1172
1323
1462
1388
922
552
455
42
369
401
1080
576
60
919
1476
968
672
1437
223
313
548
1112
12
1382
1578
1568
758
1165
1117
622
786
1552
817
1341
654
874
953
811
578
61
1203
1071
572
1342
1229
959
1507
374
1359
307
364
956
181
1086
1207
1042
266
1562
1190
1270
358
1084
1185
494
1011
1431
388
735
547
890
220
1234
542
488
609
991
1217
106
356
1441
814
479
1514
31
175
1284
1474
421
969
228
1411
867
291
404
76
1417
1085
1231
273
434
1159
597
1261
1176
683
1539
50
1532
927
996
546
1077
617
109
1087
1299
224
869
56
1426
939
794
1538
771
1027
52
422
1178
726
1447
1105
1393
1316
1378
481
913
985
955
603
242
616
1258
99
1286
382
272
459
208
937
89
763
886
610
774
1512
308
936
385
239
894
1461
536
778
779
1457
248
850
1556
173
327
386
1545
219
1059
218
1465
984
872
428
1250
1245
614
1015
1344
965
108
1339
635
751
667
1317
1305
1381
656
1030
1581
1081
323
1478
567
1095
980
1493
1283
1386
427
1251
1035
1558
938
1329
17
1048
848
1269
141
442
974
583
995
1449
1405
1273
1547
545
497
789
1150
648
174
1346
36
1360
1435
453
1078
1408
406
197
1430
550
1092
1302
517
490
1533
1546
796
458
1327
1114
1580
1237
320
534
676
65
815
1024
732
1579
1438
343
612
147
1304
171
7
978
947
644
561
1401
500
541
232
1173
722
802
543
28
448
745
512
691
298
557
535
754
569
1000
1238
371
1576
130
199
1127
646
289
1291
70
125
520
1355
931
1224
249
653
893
286
1413
1262
1429
66
1278
1220
1536
1484
932
189
71
1164
4
1415
1367
284
466
1064
510
1036
301
746
1300
917
230
393
1141
1128
93
34
560
1553
136
457
1515
1279
707
1093
1358
1587
92
82
400
1361
729
1531
625
742
538
352
1210
282
24
792
1122
86
1230
862
114
467
1374
165
122
1221
22
900
478
571
1467
1045
1371
964
81
1295
1455
473
1050
1427
1503
217
881
1289
83
1040
1060
115
1322
456
1563
915
877
1162
717
827
1028
721
462
807
420
1354
348
1495
897
1170
470
216
417
1453
256
231
1480
1384
1199
1523
16
506
1466
325
177
1440
1569
1144
1103
319
78
20
311
134
112
498
436
992
349
1313
1471
525
901
831
856
889
1516
797
1019
1033
477
700
989
367
1406
697
1072
982
162
468
663
204
1065
1198
275
1135
1392
508
410
279
47
69
776
857
192
511
906
463
1079
591
1343
1501
1108
1051
1181
527
1510
502
798
652
1206
297
1022
1047
1589
685
142
812
861
80
720
1241
659
338
791
339
329
43
929
728
1110
1330
718
1018
1479
613
957
1508
1188
1504
773
907
324
37
354
1526
1288
97
347
1496
433
664
606
492
1376
251
1595
1450
579
1088
895
1182
766
762
250
493
237
424
1592
752
589
680
1527
713
1193
1202
1263
1052
880
168
825
288
549
503
833
1598
103
209
487
229
365
1180
1115
1235
1460
1314
1106
1296
1244
1567
1399
1403
570
976
1067
1061
1100
166
1145
882
139
380
633
582
1340
1133
627
723
11
290
801
1260
930
1464
860
201
1353
212
1549
1521
1038
1522
303
145
153
505
668
180
1214
398
340
987
624
1213
381
1494
1425
665
330
716
391
643
483
241
1023
620
1499
618
1404
461
1369
1118
864
1485
873
701
1574
709
1347
531
1335
871
699
1107
246
1075
634
928
1481
178
1020
0
1528
698
829
305
1491
274
15
1096
532
1443
1356
530
1309
926
638
155
1265
102
637
702
143
1016
1049
188
1571
1551
1192
429
946
943
1131
1331
425
1006
675
537
1325
1073
1151
496
785
924
491
296
1058
577
194
1275
87
1591
695
95
608
679
1586
580
1056
389
1156
840
1410
57
1175
64
1205
945
1063
1550
304
730
788
413
116
1303
755
888
222
866
1256
1290
1524
63
573
586
1320
1195
366
151
149
1255
443
107
595
1520
799
75
29
295
925
903
944
1298
265
1366
1444
875
790
832
1034
259
203
395
1143
270
688
743
19
1149
553
495
1076
1534
885
916
361
1566
1509
1240
988
1097
1319
1389
1197
896
768
196
765
909
1487
1390
598
878
90
1468
1189
331
781
38
1308
678
967
1577
1596
813
1402
1157
823
317
951
816
1142
341
23
1502
96
98
784
1126
1544
1082
822
1272
666
1505
975
131
1588
447
1215
600
105
647
257
1338
267
783
658
91
161
686
1372
1428
1349
623
934
949
1368
1014
378
84
585
225
1458
1160
357
49
1583
150
44
1519
156
306
1423
100
689
1422
970
673
1246
1116
540
482
1557
518
1446
9
1477
960
158
1312
454
480
1004
1053
1469
631
152
556
526
193
133
1153
233
671
1281
207
687
1573
1334
363
255
1594
328
72
206
1276
772
40
824
32
172
1332
1146
619
806
607
1385
1003
581
836
140
997
292
1
392
828
854
1090
990
1055
744
1044
344
940
160
261
1407
1307
954
113
271
211
164
396
1540
409
499
650
1121
1436
551
1380
1584
471
986
1068
418
262
159
1010
674
403
476
379
1174
449
611
263
280
1517
423
809
1333
128
62
110
51
818
1448
1518
1530
451
630
111
810
182
842
132
923
568
820
1433
727
321
1062
316
235
1254
1137
747
489
1482
853
465
244
588
281
961
88
58
287
715
426
45
119
845
846
1395
1216
670
911
1166
74
1186
73
1129
879
167
1169
1113
1459
524
838
185
590
1239
1582
795
351
1070
1529
703
1211
1351
979
565
254
1543
342
1379
705
170
1565
1311
575
191
604
780
1094
179
1513
1005
710
660
54
835
59
430
775
484
640
1400
1377
1098
1394
1350
299
21
539
445
243
1171
905
1456
138
1432
865
521
1248
559
195
213
268
1282
803
283
1293
1575
302
240
999
333
407
221
210
1041
1537
414
972
1029
522
748
629
1026
1434
1167
1418
1442
1039
10
405
215
966
278
