930
477
228
336
899
572
851
324
959
627
693
1559
879
908
1572
1548
1026
539
447
583
949
762
860
466
761
675
944
147
1052
1068
524
482
1450
1200
442
479
1196
1187
181
400
1387
796
53
1496
1034
8
79
1596
873
1230
907
100
1422
841
1517
365
1591
1278
220
1211
990
88
880
1076
1035
1526
1113
46
1210
615
1176
923
809
245
661
543
723
1419
824
1248
432
462
571
115
1179
1532
104
96
1349
937
757
438
1151
61
655
75
621
485
767
852
1123
566
1185
933
1136
712
1354
649
91
568
956
563
1135
47
1288
668
758
1321
18
834
1125
567
1542
102
197
492
534
1531
622
11
702
127
581
1186
439
1582
1153
1466
255
190
48
1204
1525
305
1491
695
835
1250
1181
1192
295
288
1195
129
362
900
367
1145
1109
1094
1407
124
270
954
765
327
1369
1247
902
1154
1028
329
1360
66
1156
945
1178
664
338
480
1184
1019
570
381
682
505
474
917
596
1037
14
487
819
1074
471
1032
666
418
41
187
699
681
437
1476
1082
1062
351
1333
1276
342
101
1180
1363
1224
628
1535
455
1471
151
1092
420
1365
1008
963
1134
630
1474
1221
1396
105
792
52
325
1403
862
301
514
1562
157
1493
380
648
1167
388
918
393
607
749
536
166
210
1050
118
905
253
1489
1073
1266
1295
519
756
1238
1573
692
1051
1168
562
848
969
935
1291
573
264
1429
307
1376
794
801
207
663
986
1219
1447
1483
797
1371
652
1381
1364
65
620
894
1277
1265
461
186
1420
1149
971
459
591
73
1302
1043
165
240
1380
755
20
226
1584
1199
278
1570
1263
890
276
585
527
710
154
389
1022
497
406
1010
608
320
606
633
71
639
103
533
1188
110
1529
313
1202
398
44
1325
179
182
1059
1424
643
1502
1256
1470
250
446
839
1064
275
1001
526
510
623
744
1327
82
590
1152
1449
638
1014
215
1527
941
1116
589
298
370
1553
1147
1243
34
1410
760
547
864
1577
1084
291
858
885
1359
509
258
1344
597
339
252
896
128
513
148
21
247
1045
99
1518
458
289
1260
347
85
1361
399
1304
355
1389
1148
913
928
256
742
1279
811
1417
1342
973
599
1319
1262
377
997
1557
1438
169
983
470
1005
1270
576
729
790
1322
142
1453
1544
741
901
748
1377
188
1287
947
1499
219
271
1241
1121
1267
1009
802
650
975
1216
6
1443
180
766
1372
785
1081
815
617
1254
1315
1155
1533
637
475
1469
640
1253
1
261
1031
78
613
1462
1110
1245
1144
853
691
1456
764
1233
700
957
243
1418
1538
51
1373
1397
296
369
1398
1025
1362
149
584
131
1340
1442
931
1212
208
1384
364
440
191
829
813
361
784
1024
704
1458
1528
283
164
717
32
920
667
713
1067
1164
81
872
846
1095
1554
1413
816
718
1512
614
394
1416
530
656
350
1421
1013
1069
117
379
555
1101
865
1328
579
322
808
904
280
428
212
1119
463
830
698
1049
242
1232
156
1341
936
1297
677
827
996
422
1335
287
992
74
25
385
618
293
469
173
1132
284
950
64
774
727
1510
781
770
241
674
634
1567
1555
1079
1017
1448
847
1039
194
732
687
358
359
125
106
1336
903
1356
1368
221
67
206
279
856
1598
1543
1346
611
1177
1170
842
1060
1440
1506
1366
782
1283
326
116
1569
265
544
1294
821
577
456
722
1444
892
820
616
225
876
308
366
1477
1284
1537
793
144
454
525
375
1174
1213
1089
481
204
1290
759
1468
1169
499
1588
1595
921
502
184
1088
1441
417
503
1386
1209
783
739
733
121
1048
1071
1513
863
1423
726
374
1549
1402
323
33
1261
531
642
694
641
550
29
1090
332
113
1463
1107
874
464
789
1173
443
1194
450
183
1495
1086
753
213
410
1505
28
237
297
946
1231
1574
556
1350
1131
1391
993
977
909
430
779
994
1539
84
16
372
888
1281
751
529
1338
262
814
1286
1330
1481
311
1285
1242
232
1083
1007
122
1036
1540
730
1117
979
878
318
1475
1189
1108
884
112
1274
1590
63
1575
269
922
300
434
1367
263
108
45
786
424
540
345
1310
818
1587
1162
200
1351
1395
1040
192
803
912
1558
235
719
987
429
1193
1394
840
378
1492
1280
1271
1560
218
321
445
982
1579
238
495
1003
1497
678
1467
504
331
1255
512
411
807
453
1460
1541
57
711
1314
1434
1392
1264
1382
501
160
1139
1077
478
1300
828
690
978
625
926
875
737
635
1521
13
176
60
854
1099
868
92
1514
1379
1515
30
98
518
1586
798
143
1124
1215
626
1498
489
26
491
1217
391
193
1435
1339
1509
1018
309
881
1208
955
1494
763
831
939
772
137
1580
1269
234
37
564
167
277
1428
1594
1047
552
800
1500
1388
1480
776
769
806
19
1104
1251
1457
927
849
906
465
132
891
1551
1309
1508
893
1159
95
1063
299
1426
38
423
715
1191
27
1400
1190
516
175
363
1317
312
609
1111
484
1585
286
161
707
1589
382
747
1258
619
1547
306
647
929
1479
553
1348
883
810
1205
1546
314
1501
246
267
199
1331
1220
4
919
995
1138
227
541
56
1112
817
721
172
660
1273
508
1564
409
5
1183
12
1566
1053
341
1374
1313
557
1593
356
1329
9
551
15
1405
171
231
1093
1100
1165
1163
964
387
517
575
645
1459
1252
528
58
1096
1488
390
565
999
1058
1490
665
1523
669
1072
1237
259
708
87
168
777
595
1439
70
882
636
1016
966
1563
36
1581
407
843
588
436
155
1015
859
1029
43
734
1357
483
750
1524
838
804
1143
1289
869
981
826
1432
1433
683
403
69
1484
217
1390
1118
1257
448
629
898
569
405
968
290
559
788
1552
778
1507
376
558
703
1472
1383
444
1408
1414
705
294
457
107
111
371
1298
1066
2
273
159
991
319
697
153
415
114
773
133
1027
1126
260
538
1431
392
582
55
587
1352
150
281
696
397
1311
1203
670
1105
1355
1006
1393
603
910
158
795
494
251
1137
1175
145
685
1343
716
346
1530
413
441
787
738
511
42
574
68
953
431
688
689
83
205
236
1511
672
522
1227
1455
202
222
897
22
684
1061
416
812
985
731
657
932
1080
1452
805
706
1312
714
330
90
624
163
832
120
1214
467
507
1561
646
426
980
348
916
1519
223
1223
224
162
631
1534
651
1464
1308
974
189
743
1358
535
123
1406
610
1228
998
35
1430
676
740
972
1128
1120
1023
1451
889
421
408
1249
1259
1012
1235
496
1065
337
201
1038
943
1229
867
198
1399
746
911
40
720
1246
886
1324
1207
1516
1318
1157
673
1085
605
545
1042
1425
1503
333
404
134
1166
94
451
771
952
560
383
1240
195
97
1000
486
1301
414
373
493
0
1030
1522
895
119
1307
1011
76
1197
1182
257
1478
109
877
39
598
86
488
728
1075
601
302
54
1201
542
1292
1345
989
230
343
914
594
976
561
396
460
612
146
23
554
709
1133
791
822
140
1378
988
632
1046
239
419
214
958
24
1578
1571
352
659
1305
654
211
546
401
248
962
754
349
768
1415
520
62
1115
580
1437
135
1412
1565
680
357
1055
304
586
942
951
1206
970
1160
49
1244
934
1150
870
823
948
1520
658
473
203
780
435
1334
476
354
523
1097
425
686
532
317
1268
1234
1222
592
967
340
1226
141
653
1078
1057
1293
1041
1545
303
233
498
395
537
77
1320
1411
1141
871
1272
1445
170
130
500
490
521
266
940
185
282
602
1375
1275
1002
