595
461
1425
1221
1324
286
554
616
1024
866
436
1204
1163
370
974
929
424
1472
1404
529
1151
240
1268
1087
1081
396
1262
214
483
1325
1552
506
568
398
79
670
1193
723
524
1057
690
385
207
137
1212
768
685
2
1443
348
1385
720
414
1485
1583
293
1250
868
1581
970
113
1582
847
791
671
1104
55
259
1479
983
513
179
1492
747
993
119
140
1482
711
484
319
894
328
387
1168
155
1446
1004
359
1271
1123
1270
985
729
409
1526
462
1281
545
548
1589
244
1091
1176
32
222
268
1390
1427
1478
909
285
873
275
26
150
368
267
164
5
645
405
346
1161
1596
965
321
1077
1213
182
1451
942
695
508
1311
1130
204
1210
394
1114
96
501
194
1169
938
962
1215
857
1522
683
1555
510
1360
367
146
19
824
538
675
1387
1407
1294
895
302
950
292
372
817
746
471
452
1328
1179
915
1182
759
474
1174
907
956
724
725
1475
593
543
262
1554
1416
407
73
948
634
649
811
1049
1086
839
1351
193
11
10
1480
540
988
344
307
641
785
536
41
183
1444
869
1506
265
1113
533
464
274
1566
1316
121
842
978
347
1470
897
93
716
520
816
1303
115
1149
280
920
1164
883
955
946
728
304
325
1136
1372
341
678
467
181
736
413
1573
309
232
1042
1115
62
1194
753
774
1166
1211
751
397
534
567
648
1064
913
846
23
249
889
882
596
586
68
1036
216
840
138
116
742
692
830
1296
480
291
37
1157
1436
364
665
1083
16
47
0
463
912
1445
75
465
957
1012
757
188
1535
672
163
1346
1405
162
349
673
591
294
796
790
551
81
312
579
51
481
1132
353
1544
281
1435
864
425
80
1127
503
661
801
744
270
1148
1337
928
829
1015
997
1140
1183
662
735
594
1208
1558
558
924
70
918
633
1053
8
1218
1237
812
887
1497
66
1065
926
1234
1353
603
1007
1332
1021
197
106
176
625
24
410
1011
797
890
3
1483
800
1097
1329
1505
1045
1289
1155
1188
460
1017
335
721
1098
1070
1133
761
297
1138
1383
541
1293
587
339
1310
1597
199
1419
1160
643
446
850
914
1380
941
666
1096
516
619
1335
61
921
448
1567
1022
434
99
378
417
383
1343
607
1267
418
848
1521
813
1051
1261
734
636
67
298
1259
350
271
1356
56
1561
45
239
1110
1489
1301
788
758
482
54
320
642
9
710
89
1016
156
1143
523
403
1287
1330
953
1487
472
1564
1198
937
1468
1585
764
1003
583
1531
1423
1220
703
65
1304
1219
699
1587
439
987
668
1092
1336
492
598
53
1369
1041
345
1206
1540
1368
1019
1159
1339
493
615
1056
981
770
1334
995
488
1388
466
891
283
278
1246
504
363
1028
1420
1386
592
1307
1184
819
50
1029
1260
958
502
1326
1323
1274
919
851
1376
151
793
1414
94
1154
622
1341
904
1153
580
235
450
107
459
1410
1396
1181
749
933
853
862
468
776
1027
688
1078
177
1290
1541
657
901
42
1080
964
782
1400
505
438
110
1085
1349
631
1399
200
1517
863
1286
604
1355
57
798
1238
1076
243
1306
651
223
147
951
1538
1344
1331
1524
559
884
900
1395
535
64
1233
1518
400
530
1117
1576
1089
1050
1126
1312
287
1141
1553
314
961
369
1305
230
730
1277
141
1088
1402
826
21
1121
1551
469
14
1477
1235
192
1528
1187
509
518
1192
573
111
1203
859
1128
806
1199
456
1201
778
1421
72
507
696
1384
820
927
1417
295
1044
1454
92
38
257
114
1572
886
718
219
1297
423
1035
715
112
512
1264
1171
15
415
1278
1318
557
822
1471
1116
1382
88
547
893
777
644
1354
1014
911
556
496
234
201
1142
1534
213
1313
656
330
1173
1039
1433
1409
934
892
852
1418
849
419
371
1158
354
794
105
160
922
784
781
205
843
487
589
1403
713
1317
531
1342
570
269
1224
923
455
1394
149
1276
1434
1588
132
29
84
1197
1452
748
871
1379
1018
1557
994
420
157
1254
1280
333
799
982
71
324
1537
316
694
861
1288
1105
1031
100
1191
1412
792
227
184
190
1456
1591
939
329
814
1453
1253
609
1542
289
511
780
733
1032
224
902
647
769
1146
250
836
741
564
803
20
1214
1365
1594
1514
689
1532
236
1366
331
623
1062
311
1498
1441
168
211
832
585
1122
521
787
1135
1263
1593
1509
1481
686
1319
152
260
706
1272
1258
1107
766
248
1178
1577
1338
905
144
127
1200
1100
395
323
1476
381
1578
635
1112
1030
154
40
1321
91
629
1000
714
602
494
1150
1371
693
338
960
527
377
943
659
783
930
1550
936
1350
1048
940
86
975
1401
674
76
449
1502
337
727
1249
1447
1493
447
356
1285
1490
1501
401
1559
46
1232
352
435
763
172
561
1458
680
1223
760
103
1074
1496
991
392
406
705
433
1243
1536
301
610
1415
473
563
1180
1118
389
261
1422
831
340
254
1439
1448
380
49
646
1020
1570
430
704
1284
131
1162
1450
719
1527
638
1370
1094
1292
208
1186
553
126
58
186
379
1442
984
632
1308
69
880
411
202
231
1373
878
31
134
1571
773
1463
966
1367
821
253
663
526
1129
1023
1525
376
357
408
628
519
910
1145
391
973
722
429
654
855
1067
60
1516
1061
917
1055
1005
169
879
754
1473
854
1079
85
1389
885
242
1393
1568
48
1560
362
206
279
701
726
122
1424
388
500
968
1054
334
1059
667
1245
1063
1488
743
1131
1437
697
833
630
789
427
660
1082
860
158
637
44
677
1189
34
215
903
932
306
22
161
590
98
318
475
128
241
546
1134
129
1300
221
1406
612
402
361
1252
1315
124
1002
605
1508
185
1026
1510
1586
1058
104
431
945
1431
390
828
577
486
762
170
1266
599
613
779
775
399
386
1374
332
525
1226
1073
120
458
173
1196
245
691
1069
1543
13
1469
422
166
627
838
1513
1381
343
375
1282
495
679
1569
1408
1504
1592
1240
404
1257
108
1108
881
225
209
707
142
810
872
1156
1175
1519
497
1139
1491
977
203
426
18
6
1090
233
1375
303
931
1209
1225
1333
1255
175
1562
807
1283
1378
1598
246
218
1500
767
875
601
187
600
366
1430
1295
1327
1309
428
565
1428
844
1269
180
1298
1547
336
477
1494
290
133
528
1084
1466
1241
809
421
740
198
639
445
1
898
342
618
1377
569
575
732
263
969
990
1273
1120
229
949
1207
1195
1124
220
908
682
63
451
1511
1095
597
174
1068
947
384
1429
1033
217
43
1279
731
1363
653
358
1242
1548
143
101
36
552
125
1345
684
35
979
549
1239
1357
1248
986
876
1205
238
808
756
606
944
1046
1595
702
1093
78
827
834
454
576
1340
664
191
835
698
652
562
1358
442
1523
373
83
382
1052
1291
273
499
802
1495
786
972
444
954
1060
640
28
136
39
1486
393
566
745
888
476
1347
432
1590
1364
588
1229
491
1006
1216
7
490
1170
1580
1392
498
1529
165
178
327
1217
755
1302
1563
237
296
825
195
658
1109
805
258
1037
226
1361
1040
614
276
1066
1314
1440
1459
737
255
1202
441
621
167
925
1432
252
1222
906
77
87
1009
1426
837
1546
1236
550
818
581
1147
1348
1411
264
1499
196
1247
1034
485
1099
1256
514
1244
584
148
537
1227
1103
1556
145
712
996
1438
470
841
74
443
266
1190
478
251
815
123
17
1228
1575
228
59
1231
999
288
300
916
440
574
650
27
1137
33
1579
739
1072
365
1047
355
771
1362
555
4
416
