452
776
734
969
507
597
1338
382
1473
1251
616
285
1414
1168
441
208
1565
1152
139
11
372
685
979
1222
508
1343
437
906
1335
944
990
651
479
564
278
410
1055
345
270
82
1315
1490
297
446
1142
248
173
1493
946
203
898
510
152
1588
1032
506
1364
242
843
155
494
612
29
557
1271
1249
505
1266
1037
1146
374
443
901
6
321
1073
31
888
1035
37
113
1285
1345
1404
1268
201
1342
1506
1083
453
1513
184
102
689
1124
18
317
1299
992
1264
573
955
1592
346
1395
1221
222
1325
58
916
1361
1019
503
1447
1520
832
1301
669
716
1466
212
1188
339
1246
236
274
1084
333
790
434
91
1444
629
1593
1590
1228
1381
999
340
731
1385
595
125
1025
850
51
1122
35
1419
522
1089
1541
977
633
516
771
1314
1149
1216
643
520
1344
1002
1204
1369
253
688
98
575
26
683
27
976
877
306
606
1583
623
807
449
1173
998
41
1242
1154
1015
702
1198
784
965
1239
746
1133
354
1441
442
1138
1220
199
1080
512
1481
1067
438
488
1074
1483
1182
36
724
673
245
515
1428
318
886
855
1171
1227
1324
864
65
1482
549
1497
723
165
341
621
1151
405
282
284
1339
47
535
904
227
1469
699
319
796
428
426
291
1410
176
963
637
1258
224
1160
85
403
670
697
1397
470
615
194
1594
1003
39
710
960
810
384
1022
1192
295
153
14
642
935
1582
325
811
502
1134
1501
12
42
820
931
954
94
7
421
973
59
48
793
1244
1128
1021
99
55
696
1399
859
983
1199
572
1106
1454
472
170
1284
435
97
648
1102
705
593
1006
880
451
243
826
665
1131
180
1438
1504
1337
809
1468
1522
1215
728
1533
1263
658
329
735
775
1185
1384
1597
831
552
981
19
614
110
368
45
499
462
1317
276
1580
1403
142
223
806
569
1436
1289
1415
1550
251
175
897
1110
824
1187
1213
530
534
563
404
109
299
1545
30
256
166
652
584
3
644
474
1103
958
264
178
666
764
465
903
9
513
1136
313
594
611
668
690
920
187
1129
910
444
157
310
1014
1529
1201
1076
1424
712
1332
537
785
1256
566
197
1275
1378
568
970
149
713
650
331
486
1158
231
1137
1034
1085
543
156
1396
1362
936
1488
1202
1400
15
714
134
914
661
701
1528
583
1214
873
1455
349
1586
1320
985
1458
54
627
1116
1179
1346
707
645
177
624
1406
1004
1203
1020
1525
1556
577
556
770
885
1355
1262
265
359
671
328
1039
1587
601
1167
62
539
845
378
1523
13
1518
1104
1066
385
721
1162
463
78
370
1589
1309
531
439
1298
300
822
872
1224
682
1109
993
1030
17
386
1311
1169
144
1172
292
397
605
76
77
892
314
1270
767
229
966
934
1269
4
215
523
1558
561
847
1027
574
655
308
558
646
429
1180
1542
302
286
1543
596
1307
69
581
763
1250
473
301
1205
1464
1225
1235
1567
361
148
1485
112
336
1372
1398
273
1278
388
1045
1517
778
760
1409
334
571
995
895
1024
1328
1420
1380
930
413
61
938
794
875
687
610
1281
1358
923
66
395
254
1321
1370
88
529
640
1236
884
1357
1092
861
1437
1231
492
38
996
1463
57
1353
853
260
456
900
1079
768
1113
540
769
786
204
216
817
863
409
528
1460
117
1163
1323
1218
1193
837
912
1091
635
536
588
255
357
1217
209
896
1537
0
1446
115
1363
122
636
1069
565
1451
1150
1254
546
126
961
60
742
766
829
262
1430
1273
103
1054
407
919
1107
1500
200
1467
781
495
835
548
461
854
160
1011
312
1333
750
1413
420
1489
607
618
146
1013
280
805
1366
842
762
1101
1531
44
402
894
1064
400
1354
20
709
1329
74
119
202
425
1226
1140
64
1141
660
684
672
1197
1573
436
1461
1241
957
1312
80
239
1191
1544
1539
899
81
1426
1057
337
698
951
198
562
1330
258
1572
570
987
1042
1283
1388
722
468
279
715
504
493
2
838
1170
674
398
757
1279
773
1
56
997
118
448
975
430
663
1036
1245
608
1016
213
150
394
1595
870
695
1326
718
797
1144
554
902
491
890
743
1208
940
590
509
490
933
692
926
411
1295
679
469
238
929
303
1210
1118
211
417
891
190
852
1147
591
1327
246
1557
978
120
830
335
1047
1081
389
467
994
551
423
802
1536
92
1060
1386
726
1157
1053
1082
1503
953
1509
322
555
846
1018
1282
789
1050
250
787
477
1159
1153
498
1383
1090
1387
950
459
1297
1494
1505
1161
1484
106
68
298
942
1402
332
193
1209
654
1304
1486
700
653
1423
1272
1211
1555
918
1059
1293
87
1434
8
1012
1098
1407
1195
948
1174
23
309
1334
729
90
917
1581
25
1566
1554
1233
1017
533
141
1596
1546
96
825
1571
1377
1457
1243
419
943
1568
545
711
519
1253
800
638
1267
145
686
589
1070
632
16
1560
782
874
1087
478
1448
1371
604
1093
271
1206
338
834
691
267
1145
1223
945
1408
143
347
40
971
511
1375
132
947
939
550
745
1498
717
586
355
1112
424
1551
647
1148
1229
1232
1125
293
95
390
100
984
1495
1340
804
447
84
164
703
1061
964
73
677
158
5
680
1127
1462
879
1570
1248
1178
1390
482
1563
228
221
1479
1261
907
626
1028
1094
1065
628
599
579
921
1412
1280
739
676
1007
813
191
1350
1212
1165
192
812
431
1564
560
393
871
602
272
1341
196
1189
1433
1532
1010
517
1196
617
962
1553
1176
1096
1502
741
432
1365
348
154
908
1547
1453
851
207
307
878
484
1496
521
28
754
356
1200
1119
71
416
151
475
130
1515
305
1184
214
1429
455
1549
86
730
1319
1077
937
387
1313
1394
862
1322
1259
664
287
972
159
500
823
889
450
869
798
1584
369
727
460
1534
1352
131
83
587
168
780
179
101
1359
1026
1351
630
883
753
1068
234
1308
1175
613
1300
1540
1186
1099
315
1535
1194
905
182
949
1527
323
765
732
1294
1238
408
795
932
740
922
1115
266
1207
1477
818
1051
755
720
259
678
147
1318
578
567
553
598
882
464
380
225
244
288
1492
501
725
925
1049
1507
167
952
1548
893
304
1302
454
849
399
1449
639
1155
1367
412
1078
1041
351
261
330
161
980
1252
841
1374
620
127
631
675
391
237
538
559
487
1470
353
1389
226
311
941
43
107
181
1095
1524
704
1247
1417
415
381
183
814
327
188
277
373
866
294
1465
483
1052
1445
241
1376
974
956
392
1368
1499
138
1475
989
1257
205
1008
1574
833
1373
21
457
195
275
1476
1088
1578
1117
1487
1425
418
681
1393
364
1480
542
1291
959
625
759
1431
140
1038
1306
1360
169
230
63
433
123
70
1120
116
667
1296
1598
1276
352
911
105
840
480
401
174
1001
1183
1181
1009
320
189
1391
1443
1164
927
749
218
1123
1456
858
532
968
544
582
121
1508
172
1126
79
585
828
458
836
34
708
1561
641
656
518
1166
1379
49
1382
1048
719
135
1058
283
1290
414
868
982
371
396
1472
816
269
1392
440
1405
1478
1031
1255
445
848
53
1108
1075
360
46
268
376
657
50
240
1132
619
1575
281
497
1526
1190
220
1044
136
1156
104
377
1511
1177
799
1277
163
1432
547
580
1519
343
1100
1287
737
324
600
1459
72
89
129
887
1491
1072
1577
162
481
33
1591
247
362
541
206
819
22
1237
1130
1421
603
791
1000
1411
622
751
1418
1143
186
1310
1033
694
263
1063
1514
783
52
761
1240
124
233
